image_name,y_true,model_probability,final_threshold_prediction
img_00019_2024,1,1.7596616e-05,0
img_00004_2024,1,0.001075696,0
img_00018_2024,1,0.00020058012,0
img_00005_2024,1,0.7865541,1
img_00008_2024,1,0.7542705,1
img_00016_2024,1,0.02116553,0
img_00007_2024,1,0.001541391,0
img_00003_2024,1,0.966427,1
img_00009_2024,1,0.0010061762,0
img_00017_2024,1,0.0009545503,0
img_00006_2024,1,0.08467091,0
img_00010_2024,1,0.04330978,0
img_00002_2024,1,0.037108466,0
img_00015_2024,1,3.8940503e-05,0
img_00001_2024,1,0.99906296,1
img_00014_2024,1,0.37286943,1
img_00020_2024,1,3.318855e-05,0
img_00021_2024,1,1.5234344e-06,0
img_00024_2024,1,6.6297816e-06,0
img_00013_2024,1,0.3606709,1
img_00022_2024,1,0.6470374,1
img_00026_2024,1,0.00040863172,0
img_00023_2024,1,0.00026064503,0
img_00034_2024,1,0.9726518,1
img_00025_2024,1,0.00015140604,0
img_00028_2024,1,0.00054410385,0
img_00032_2024,1,0.00532793,0
img_00033_2024,1,5.1220708e-05,0
img_00031_2024,1,0.041713767,0
img_00036_2024,1,8.107573e-05,0
img_00029_2024,1,0.0036442413,0
img_00037_2024,1,7.655741e-05,0
img_00035_2024,1,0.051658724,0
img_00041_2024,1,0.007355374,0
img_00040_2024,1,0.0027725643,0
img_00042_2024,1,7.5305274e-05,0
img_00039_2024,1,0.00058338,0
img_00044_2024,1,0.7109027,1
img_00045_2024,1,0.9655658,1
img_00049_2024,1,0.00083469483,0
img_00048_2024,1,0.0010639217,0
img_00043_2024,1,0.0015609434,0
img_00050_2024,1,0.010676257,0
img_00046_2024,1,0.0002889057,0
img_00047_2024,1,0.99961156,1
img_00052_2024,1,0.008414652,0
img_00053_2024,1,0.0013920174,0
img_00056_2024,1,0.38869432,1
img_00058_2024,1,0.00092639367,0
img_00055_2024,1,0.9461305,1
img_00054_2024,1,0.81163436,1
img_00061_2024,1,0.99992406,1
img_00060_2024,1,0.03160323,0
img_00063_2024,1,0.0060873437,0
img_00062_2024,1,0.001000208,0
img_00059_2024,1,0.006918294,0
img_00011_p01_2024,1,0.99911994,1
img_00011_p02_2024,1,0.9915577,1
img_00011_p03_2024,1,0.60617644,1
img_00057_2024,1,0.9983644,1
img_00030_p01_2024,1,0.00022095685,0
img_00030_p02_2024,1,0.036879465,0
img_00030_p03_2024,1,0.00903162,0
img_00067_2024,1,0.99845445,1
img_00065_2024,1,0.9957749,1
img_00070_2024,1,0.06538429,0
img_00068_2024,1,0.0001195915,0
img_00071_2024,1,0.000271902,0
img_00069_2024,1,0.73844266,1
img_00051_p01_2024,1,0.04339565,0
img_00051_p02_2024,1,0.0009679953,0
img_00077_2024,1,0.011632856,0
img_00064_2024,1,0.012877755,0
img_00075_2024,1,0.015868936,0
img_00078_2024,1,0.44840834,1
img_00076_2024,1,0.5683071,1
img_00073_2024,1,0.00029868798,0
img_00072_2024,1,5.362934e-05,0
img_00079_2024,1,0.16917916,0
img_00080_2024,1,3.5470366e-05,0
img_00074_2024,1,0.3496943,1
img_00081_2024,1,0.40437612,1
img_00084_2024,1,0.0012471302,0
img_00085_2024,1,0.0016076167,0
img_00083_2024,1,0.9999335,1
img_00082_2024,1,0.07123898,0
img_00038_p01_2024,1,0.90984946,1
img_00038_p02_2024,1,0.9982761,1
img_00038_p03_2024,1,0.98796403,1
img_00038_p04_2024,1,0.99213904,1
img_00092_2024,1,0.003589299,0
img_00086_2024,1,0.00085946626,0
img_00000_p01_2024,1,0.88110846,1
img_00000_p02_2024,1,0.9734351,1
img_00000_p03_2024,1,0.97145754,1
img_00000_p04_2024,1,0.9580968,1
img_00091_2024,1,0.0017129659,0
img_00088_2024,1,0.004729242,0
img_00089_2024,1,3.0472231e-06,0
img_00095_2024,1,0.0005033272,0
img_00096_2024,1,0.0008647145,0
img_00097_2024,1,0.017387228,0
img_00093_2024,1,0.018584028,0
img_00094_2024,1,0.7967693,1
img_00099_2024,1,0.020226587,0
img_00103_2024,1,0.6390588,1
img_00102_2024,1,0.011186383,0
img_00104_2024,1,0.00010573564,0
img_00090_2024,1,0.0020815746,0
img_00100_2024,1,0.00028945104,0
img_00106_2024,1,0.22926149,1
img_00111_2024,1,0.016722728,0
img_00107_2024,1,0.0074108182,0
img_00101_2024,1,0.047078047,0
img_00113_2024,1,0.9972869,1
img_00117_2024,1,0.9662093,1
img_00108_2024,1,0.03953689,0
img_00109_2024,1,0.8490753,1
img_00116_2024,1,0.999316,1
img_00110_2024,1,0.15445592,0
img_00112_2024,1,0.0031696819,0
img_00118_2024,1,0.00027191755,0
img_00012_p01_2024,1,0.3948423,1
img_00012_p02_2024,1,0.03743599,0
img_00012_p03_2024,1,0.014644486,0
img_00012_p04_2024,1,0.021378377,0
img_00012_p05_2024,1,0.062897176,0
img_00012_p06_2024,1,0.12812336,0
img_00115_2024,1,0.9998568,1
img_00119_2024,1,0.007493709,0
img_00122_2024,1,0.03703545,0
img_00123_2024,1,0.16478498,0
img_00105_p01_2024,1,0.036151648,0
img_00105_p02_2024,1,0.85950387,1
img_00121_2024,1,0.021801678,0
img_00126_2024,1,0.9995938,1
img_00132_2024,1,0.9997149,1
img_00125_2024,1,0.8585444,1
img_00129_2024,1,0.0026973742,0
img_00127_2024,1,0.00089166395,0
img_00124_2024,1,0.98209226,1
img_00135_2024,1,0.99926907,1
img_00134_2024,1,0.9142181,1
img_00137_2024,1,0.004947406,0
img_00133_2024,1,0.98550075,1
img_00138_2024,1,0.0776376,0
img_00120_p01_2024,1,0.94636697,1
img_00120_p02_2024,1,0.9999213,1
img_00142_2024,1,0.00018484466,0
img_00141_2024,1,0.00014243484,0
img_00087_p01_2024,1,0.37908152,1
img_00087_p02_2024,1,0.97983253,1
img_00087_p03_2024,1,0.395095,1
img_00087_p04_2024,1,0.9758982,1
img_00131_p01_2024,1,0.9926333,1
img_00131_p02_2024,1,0.9167365,1
img_00139_2024,1,0.19037087,0
img_00140_2024,1,0.9990158,1
img_00143_2024,1,3.637828e-05,0
img_00147_2024,1,0.92220914,1
img_00144_2024,1,0.77393377,1
img_00150_2024,1,0.9979929,1
img_00148_2024,1,0.021949165,0
img_00128_p01_2024,1,0.99829274,1
img_00128_p02_2024,1,0.99987555,1
img_00114_p01_2024,1,0.9957404,1
img_00114_p02_2024,1,0.96970415,1
img_00114_p03_2024,1,0.9974377,1
img_00114_p04_2024,1,0.0017926737,0
img_00152_2024,1,0.018872613,0
img_00145_2024,1,0.0016289599,0
img_00155_2024,1,2.902052e-05,0
img_00149_2024,1,0.99084455,1
img_00151_2024,1,0.6793464,1
img_00156_2024,1,9.925698e-05,0
img_00136_p01_2024,1,0.9996679,1
img_00136_p02_2024,1,0.99998343,1
img_00157_2024,1,3.8530554e-05,0
img_00158_2024,1,0.0048380415,0
img_00159_2024,1,2.7736305e-05,0
img_00162_2024,1,0.0027111743,0
img_00163_2024,1,0.9597614,1
img_00160_2024,1,0.9996848,1
img_00146_p01_2024,1,0.9876381,1
img_00146_p02_2024,1,0.0008005553,0
img_00167_2024,1,0.9822725,1
img_00165_2024,1,0.99913555,1
img_00172_2024,1,0.97824657,1
img_00164_2024,1,0.98836374,1
img_00170_2024,1,0.017043576,0
img_00171_2024,1,0.4217557,1
img_00174_2024,1,0.9999695,1
img_00166_2024,1,0.0044665094,0
img_00130_p01_2024,1,0.99959165,1
img_00130_p02_2024,1,0.9997284,1
img_00130_p03_2024,1,0.6677286,1
img_00130_p04_2024,1,0.8640147,1
img_00169_2024,1,0.9998047,1
img_00178_2024,1,0.9984419,1
img_00179_2024,1,0.9854887,1
img_00175_2024,1,0.99538946,1
img_00176_2024,1,0.0016056984,0
img_00182_2024,1,0.9268047,1
img_00180_2024,1,0.75680757,1
img_00181_2024,1,0.4438568,1
img_00183_2024,1,0.27835602,1
img_00185_2024,1,2.8882583e-05,0
img_00173_p01_2024,1,0.0036399448,0
img_00173_p02_2024,1,0.06817148,0
img_00168_p01_2024,1,0.9998036,1
img_00168_p02_2024,1,0.99994206,1
img_00066_p01_2024,1,0.99916697,1
img_00066_p02_2024,1,0.075185254,0
img_00066_p03_2024,1,0.902065,1
img_00066_p04_2024,1,0.99959916,1
img_00066_p05_2024,1,0.0139614865,0
img_00066_p06_2024,1,0.98253673,1
img_00187_2024,1,0.95277464,1
img_00189_2024,1,0.00016249451,0
img_00190_2024,1,0.95980155,1
img_00191_2024,1,0.0013405202,0
img_00194_2024,1,0.009133765,0
img_00196_2024,1,0.99522686,1
img_00192_2024,1,2.8815786e-05,0
img_00198_2024,1,0.0056394935,0
img_00193_2024,1,0.00066776556,0
img_00195_2024,1,0.003803363,0
img_00199_2024,1,7.065119e-05,0
img_00201_2024,1,0.9941309,1
img_00202_2024,1,0.006753438,0
img_00203_2024,1,0.32381305,1
img_00200_2024,1,0.0037823012,0
img_00204_2024,1,0.236536,1
img_00177_p01_2024,1,0.1410723,0
img_00177_p02_2024,1,0.014001447,0
img_00206_2024,1,0.98625296,1
img_00186_2024,1,0.064872116,0
img_00207_2024,1,0.0002616205,0
img_00208_2024,1,0.0002993879,0
img_00211_2024,1,0.025528489,0
img_00197_p01_2024,1,0.9825883,1
img_00197_p02_2024,1,0.9391971,1
img_00212_2024,1,0.9951858,1
img_00213_2024,1,0.9999212,1
img_00215_2024,1,0.98282593,1
img_00209_2024,1,0.7738969,1
img_00154_p01_2024,1,0.97040445,1
img_00154_p02_2024,1,0.9997137,1
img_00154_p03_2024,1,0.9976591,1
img_00154_p04_2024,1,0.99546033,1
img_00216_2024,1,0.8319862,1
img_00217_2024,1,0.99991214,1
img_00220_2024,1,0.004612682,0
img_00223_2024,1,0.9908249,1
img_00221_2024,1,0.9995951,1
img_00153_p01_2024,1,0.78513736,1
img_00153_p02_2024,1,0.022452772,0
img_00153_p03_2024,1,0.97835207,1
img_00153_p04_2024,1,0.9983859,1
img_00153_p06_2024,1,0.99568486,1
img_00222_2024,1,0.061032914,0
img_00218_2024,1,0.93329775,1
img_00224_2024,1,0.002370317,0
img_00210_p01_2024,1,0.9975667,1
img_00210_p02_2024,1,0.9999534,1
img_00184_p01_2024,1,0.9509144,1
img_00184_p02_2024,1,0.99999344,1
img_00184_p03_2024,1,0.9998394,1
img_00184_p04_2024,1,0.9978503,1
img_00225_2024,1,0.9384533,1
img_00226_2024,1,0.9846485,1
img_00232_2024,1,0.009880504,0
img_00231_2024,1,0.14698046,0
img_00229_2024,1,0.7905446,1
img_00234_2024,1,0.98070866,1
img_00235_2024,1,0.0019419888,0
img_00228_2024,1,0.99839824,1
img_00233_2024,1,0.00023398786,0
img_00214_p01_2024,1,0.9998049,1
img_00214_p02_2024,1,0.9975292,1
img_00227_2024,1,0.22427979,1
img_00239_2024,1,0.03219217,0
img_00188_p01_2024,1,0.19666114,1
img_00188_p03_2024,1,0.96865183,1
img_00188_p04_2024,1,0.03374721,0
img_00219_p01_2024,1,0.87343675,1
img_00219_p02_2024,1,0.9409847,1
img_00242_2024,1,0.0017674033,0
img_00240_2024,1,0.0014250232,0
img_00244_2024,1,0.0018634985,0
img_00205_p01_2024,1,0.5001284,1
img_00205_p02_2024,1,0.13260531,0
img_00205_p03_2024,1,0.99994695,1
img_00205_p04_2024,1,0.047647133,0
img_00243_2024,1,0.0019319823,0
img_00246_2024,1,0.41249195,1
img_00245_2024,1,0.0046378337,0
img_00247_2024,1,0.0134049645,0
img_00250_2024,1,0.0005837134,0
img_00248_2024,1,0.069130264,0
img_00251_2024,1,0.0010569828,0
img_00249_2024,1,0.9957917,1
img_00237_p01_2024,1,0.19100371,0
img_00237_p02_2024,1,0.35792476,1
img_00253_2024,1,0.18352602,0
img_00252_2024,1,0.00017482032,0
img_00256_2024,1,0.046478506,0
img_00260_2024,1,0.005652978,0
img_00258_2024,1,0.061437815,0
img_00261_2024,1,0.44091198,1
img_00254_2024,1,0.23638786,1
img_00241_p01_2024,1,0.99978334,1
img_00241_p02_2024,1,0.9997464,1
img_00259_2024,1,0.9170252,1
img_00257_2024,1,0.9419269,1
img_00264_2024,1,0.06512472,0
img_00263_2024,1,0.99394506,1
img_00255_2024,1,0.95972764,1
img_00265_2024,1,0.3180441,1
img_00268_2024,1,0.1912119,0
img_00270_2024,1,0.99974877,1
img_00230_p01_2024,1,0.96355826,1
img_00230_p02_2024,1,0.06743438,0
img_00230_p03_2024,1,0.84805757,1
img_00230_p04_2024,1,0.31863526,1
img_00267_2024,1,0.20471604,1
img_00269_2024,1,0.00017089854,0
img_00272_2024,1,0.99998915,1
img_00271_2024,1,0.0014654407,0
img_00266_2024,1,0.9983651,1
img_00273_2024,1,0.0002998801,0
img_00236_p01_2024,1,0.8291772,1
img_00236_p02_2024,1,0.9614659,1
img_00098_p01_2024,1,0.19136114,0
img_00098_p02_2024,1,0.16314459,0
img_00098_p03_2024,1,0.9661057,1
img_00098_p04_2024,1,0.20833983,1
img_00098_p05_2024,1,0.007357592,0
img_00098_p06_2024,1,0.0028190422,0
img_00098_p07_2024,1,0.9448998,1
img_00098_p08_2024,1,0.22311857,1
img_00098_p09_2024,1,0.064238735,0
img_00238_p01_2024,1,0.99902487,1
img_00238_p02_2024,1,0.9955615,1
img_00275_2024,1,0.0014596323,0
img_00276_2024,1,0.007840361,0
img_00281_2024,1,0.00035095666,0
img_00274_2024,1,0.6975517,1
img_00280_2024,1,0.00022205486,0
img_00288_2024,1,0.37543854,1
img_00285_2024,1,0.017858388,0
img_00278_2024,1,0.99994016,1
img_00279_2024,1,0.9693136,1
img_00284_2024,1,0.26855513,1
img_00286_2024,1,0.06477027,0
img_00291_2024,1,0.02183129,0
img_00287_2024,1,0.99680364,1
img_00289_2024,1,0.24223663,1
img_00283_2024,1,0.7459354,1
img_00262_p01_2024,1,0.98453367,1
img_00262_p02_2024,1,0.937092,1
img_00282_2024,1,0.03731862,0
img_00292_2024,1,0.994696,1
img_00296_2024,1,0.032053273,0
img_00297_2024,1,0.00089237024,0
img_00298_2024,1,0.87827414,1
img_00290_2024,1,0.99998426,1
img_00277_p01_2024,1,0.99565,1
img_00277_p02_2024,1,0.98054814,1
img_00305_2024,1,0.0007390565,0
img_00309_2024,1,0.4506832,1
img_00307_2024,1,0.5107853,1
img_00301_2024,1,0.9981187,1
img_00306_2024,1,0.9994254,1
img_00294_2024,1,0.9941095,1
img_00300_2024,1,0.9962135,1
img_00304_2024,1,0.99825114,1
img_00312_2024,1,0.99005884,1
img_00303_2024,1,0.10318043,0
img_00302_2024,1,0.99712247,1
img_00313_2024,1,0.06718373,0
img_00295_p01_2024,1,0.9996668,1
img_00295_p02_2024,1,0.99988127,1
img_00299_2024,1,0.81617296,1
img_00310_2024,1,0.8834761,1
img_00319_2024,1,0.008749742,0
img_00316_2024,1,0.7395523,1
img_00311_2024,1,0.9960602,1
img_00321_2024,1,0.9989849,1
img_00315_2024,1,0.9820508,1
img_00317_2024,1,0.99740076,1
img_00325_2024,1,0.00028045394,0
img_00318_2024,1,7.714245e-06,0
img_00322_2024,1,0.9977703,1
img_00324_2024,1,0.13032135,0
img_00333_2024,1,0.94140726,1
img_00336_2024,1,0.0034330625,0
img_00337_2024,1,0.0014104372,0
img_00339_2024,1,0.00079413195,0
img_00326_2024,1,0.9973571,1
img_00308_2024,1,0.9978922,1
img_00338_2024,1,0.9998248,1
img_00331_2024,1,0.91655403,1
img_00320_2024,1,0.97302645,1
img_00341_2024,1,0.9944306,1
img_00340_2024,1,0.00029247778,0
img_00327_2024,1,8.404948e-05,0
img_00342_2024,1,0.9543951,1
img_00335_2024,1,4.8329093e-05,0
img_00334_2024,1,0.00032521656,0
img_00349_2024,1,0.0009859964,0
img_00330_2024,1,0.00039421846,0
img_00323_p01_2024,1,0.00011196718,0
img_00323_p02_2024,1,0.7826012,1
img_00346_2024,1,0.9788502,1
img_00347_2024,1,0.044410262,0
img_00350_2024,1,0.99994457,1
img_00348_2024,1,0.0005024066,0
img_00352_2024,1,0.98931026,1
img_00343_2024,1,0.9982863,1
img_00328_2024,1,0.0922959,0
img_00345_p01_2024,1,0.59707874,1
img_00345_p02_2024,1,0.31856146,1
img_00359_2024,1,0.43389696,1
img_00355_2024,1,0.68366456,1
img_00354_2024,1,0.03152707,0
img_00363_2024,1,0.98588485,1
img_00332_p01_2024,1,0.99955875,1
img_00332_p02_2024,1,0.99964964,1
img_00344_2024,1,0.0034811657,0
img_00360_2024,1,0.99927384,1
img_00362_2024,1,0.048040055,0
img_00366_2024,1,0.014306476,0
img_00365_2024,1,0.003016888,0
img_00361_2024,1,0.9982785,1
img_00368_2024,1,0.9999052,1
img_00367_2024,1,0.9232817,1
img_00358_2024,1,0.98907334,1
img_00371_2024,1,0.9998348,1
img_00293_p01_2024,1,0.028891457,0
img_00293_p02_2024,1,0.004615315,0
img_00293_p03_2024,1,0.1508271,0
img_00293_p04_2024,1,0.0352293,0
img_00353_p01_2024,1,0.98726374,1
img_00353_p02_2024,1,0.7204512,1
img_00372_2024,1,0.9869882,1
img_00370_2024,1,0.9971083,1
img_00377_2024,1,0.9966286,1
img_00374_2024,1,0.99035186,1
img_00376_2024,1,0.7922576,1
img_00375_2024,1,0.99989295,1
img_00369_2024,1,0.1385046,0
img_00364_2024,1,0.9982601,1
img_00373_2024,1,0.013854486,0
img_00378_2024,1,0.7651527,1
img_00356_p01_2024,1,0.9608328,1
img_00356_p02_2024,1,0.040320817,0
img_00314_p01_2024,1,0.9982083,1
img_00314_p02_2024,1,0.99923813,1
img_00314_p03_2024,1,0.99937767,1
img_00314_p04_2024,1,0.7629517,1
img_00381_2024,1,0.9102696,1
img_00385_2024,1,0.9987147,1
img_00384_2024,1,0.00036703158,0
img_00382_2024,1,0.033541463,0
img_00383_2024,1,0.007902617,0
img_00392_2024,1,0.09771412,0
img_00391_2024,1,0.99689615,1
img_00386_2024,1,0.99906665,1
img_00379_2024,1,0.9850011,1
img_00390_2024,1,0.8825979,1
img_00393_2024,1,0.8875487,1
img_00396_2024,1,0.13041532,0
img_00397_2024,1,0.92525786,1
img_00388_2024,1,0.99957734,1
img_00398_2024,1,0.9996761,1
img_00401_2024,1,0.00017174406,0
img_00402_2024,1,0.010908896,0
img_00389_p01_2024,1,0.9935875,1
img_00389_p02_2024,1,0.9759902,1
img_00400_2024,1,0.23389958,1
img_00404_2024,1,0.9989697,1
img_00405_2024,1,0.029681873,0
img_00407_2024,1,0.012949563,0
img_00394_p01_2024,1,0.99887437,1
img_00394_p02_2024,1,0.9992792,1
img_00403_2024,1,0.8979965,1
img_00408_2024,1,0.016154192,0
img_00406_2024,1,0.6897757,1
img_00412_2024,1,0.00042649297,0
img_00411_2024,1,0.9985469,1
img_00413_2024,1,0.032254573,0
img_00395_p01_2024,1,0.0010962512,0
img_00395_p02_2024,1,0.009813722,0
img_00415_2024,1,0.2688223,1
img_00418_2024,1,0.15327027,0
img_00416_2024,1,0.7959129,1
img_00329_p01_2024,1,0.9998172,1
img_00329_p02_2024,1,0.9995376,1
img_00329_p03_2024,1,0.99993575,1
img_00329_p04_2024,1,0.7802473,1
img_00329_p05_2024,1,0.112982854,0
img_00329_p06_2024,1,0.8504511,1
img_00417_2024,1,0.1223053,0
img_00419_2024,1,0.97773075,1
img_00414_2024,1,0.8971508,1
img_00423_2024,1,0.20188375,1
img_00420_2024,1,0.0017844025,0
img_00421_2024,1,0.15498693,0
img_00387_p01_2024,1,0.99983037,1
img_00387_p02_2024,1,0.9994475,1
img_00387_p03_2024,1,0.9995091,1
img_00387_p04_2024,1,0.9999374,1
img_00424_2024,1,0.008892474,0
img_00409_p01_2024,1,0.9959643,1
img_00409_p02_2024,1,0.7001648,1
img_00422_2024,1,0.971271,1
img_00426_2024,1,0.26623258,1
img_00428_2024,1,0.97192717,1
img_00425_2024,1,0.5328969,1
img_00351_p01_2024,1,0.87751,1
img_00351_p02_2024,1,0.9916231,1
img_00351_p03_2024,1,0.99960417,1
img_00351_p04_2024,1,0.9915215,1
img_00351_p05_2024,1,0.9998771,1
img_00351_p06_2024,1,0.99909437,1
img_00380_p01_2024,1,0.9996375,1
img_00380_p02_2024,1,0.15141572,0
img_00380_p03_2024,1,0.99876356,1
img_00380_p04_2024,1,0.05137169,0
img_00429_2024,1,0.82347316,1
img_00430_2024,1,0.20874222,1
img_00431_2024,1,0.5970897,1
img_00433_2024,1,0.0019962178,0
img_00432_2024,1,0.38849178,1
img_00434_2024,1,0.5267669,1
img_00435_2024,1,0.025898177,0
img_00437_2024,1,0.005459345,0
img_00440_2024,1,0.0009386605,0
img_00446_2024,1,0.86670643,1
img_00441_2024,1,0.41773233,1
img_00438_2024,1,0.68930763,1
img_00436_2024,1,0.9979949,1
img_00442_2024,1,0.18415685,0
img_00445_2024,1,0.8026878,1
img_00447_2024,1,0.45265695,1
img_00399_p01_2024,1,0.9969112,1
img_00399_p02_2024,1,0.9950841,1
img_00399_p03_2024,1,0.9999689,1
img_00399_p04_2024,1,0.9999069,1
img_00444_2024,1,0.09258765,0
img_00448_2024,1,0.99993515,1
img_00450_2024,1,0.57878256,1
img_00357_p01_2024,1,0.9980057,1
img_00357_p02_2024,1,0.9984529,1
img_00357_p03_2024,1,0.9903976,1
img_00357_p04_2024,1,0.9996178,1
img_00357_p05_2024,1,0.82686985,1
img_00454_2024,1,0.98356503,1
img_00457_2024,1,0.00014964536,0
img_00453_2024,1,0.05116395,0
img_00451_2024,1,0.6611496,1
img_00456_2024,1,0.00014799362,0
img_00452_2024,1,0.017438415,0
img_00455_2024,1,0.0009673794,0
img_00449_2024,1,0.9999527,1
img_00459_2024,1,0.021739777,0
img_00460_2024,1,0.0027296345,0
img_00463_2024,1,0.02798809,0
img_00462_2024,1,0.059179246,0
img_00461_2024,1,0.8821536,1
img_00466_2024,1,0.88846767,1
img_00465_2024,1,0.10053759,0
img_00464_2024,1,0.3136696,1
img_00468_2024,1,0.9842755,1
img_00469_2024,1,0.9886518,1
img_00467_2024,1,0.9972451,1
img_00473_2024,1,9.223334e-05,0
img_00474_2024,1,0.0004153391,0
img_00477_2024,1,0.98613447,1
img_00479_2024,1,0.025308654,0
img_00481_2024,1,0.0038985168,0
img_00478_2024,1,0.7154378,1
img_00475_2024,1,0.99954647,1
img_00480_2024,1,0.010236918,0
img_00482_2024,1,0.23322456,1
img_00484_2024,1,0.98165095,1
img_00470_p01_2024,1,0.99984753,1
img_00470_p02_2024,1,0.99983156,1
img_00487_2024,1,0.999876,1
img_00486_2024,1,0.094378196,0
img_00483_2024,1,5.338039e-05,0
img_00489_2024,1,0.34097704,1
img_00488_2024,1,0.9969722,1
img_00490_2024,1,0.0032566802,0
img_00491_2024,1,0.67186475,1
img_00476_p01_2024,1,0.00014408185,0
img_00476_p02_2024,1,3.964139e-05,0
img_00493_2024,1,0.30875513,1
img_00492_2024,1,0.1691279,0
img_00494_2024,1,0.20913994,1
img_00495_2024,1,0.05878865,0
img_00498_2024,1,0.00080813677,0
img_00501_2024,1,0.016520986,0
img_00502_2024,1,0.0112705305,0
img_00443_p01_2024,1,0.9960834,1
img_00443_p02_2024,1,0.99925023,1
img_00443_p03_2024,1,0.9994267,1
img_00443_p04_2024,1,0.99929225,1
img_00500_2024,1,0.46314678,1
img_00472_p01_2024,1,0.9855298,1
img_00472_p02_2024,1,0.9998901,1
img_00504_2024,1,0.42028412,1
img_00505_2024,1,0.45436755,1
img_00499_2024,1,0.26731247,1
img_00506_2024,1,0.9992105,1
img_00509_2024,1,0.9557514,1
img_00510_2024,1,0.00090791815,0
img_00514_2024,1,0.0014232065,0
img_00503_p01_2024,1,0.0014899138,0
img_00503_p02_2024,1,0.45083228,1
img_00458_p01_2024,1,0.97429556,1
img_00458_p02_2024,1,0.8797061,1
img_00458_p03_2024,1,0.51828617,1
img_00458_p04_2024,1,0.9968978,1
img_00515_2024,1,0.0058311913,0
img_00507_2024,1,0.003371004,0
img_00517_2024,1,0.2675237,1
img_00518_2024,1,0.0002383462,0
img_00519_2024,1,0.04379997,0
img_00513_2024,1,0.1304252,0
img_00427_p01_2024,1,0.9994899,1
img_00427_p02_2024,1,0.99956805,1
img_00427_p03_2024,1,0.14793704,0
img_00427_p04_2024,1,0.97914755,1
img_00427_p05_2024,1,0.98105246,1
img_00427_p06_2024,1,0.9998524,1
img_00522_2024,1,0.001590302,0
img_00511_2024,1,0.99983037,1
img_00523_2024,1,0.17848103,0
img_00410_p01_2024,1,0.9924125,1
img_00410_p02_2024,1,0.79304326,1
img_00410_p03_2024,1,0.99872714,1
img_00410_p04_2024,1,0.99987245,1
img_00410_p05_2024,1,0.9999696,1
img_00410_p06_2024,1,0.24565876,1
img_00410_p07_2024,1,0.99979097,1
img_00410_p08_2024,1,0.9998097,1
img_00410_p09_2024,1,0.9968725,1
img_00524_2024,1,0.0016485396,0
img_00526_2024,1,0.5372921,1
img_00525_2024,1,0.035894025,0
img_00527_2024,1,0.22307688,1
img_00529_2024,1,0.991163,1
img_00439_p01_2024,1,0.33187488,1
img_00439_p02_2024,1,0.9431689,1
img_00439_p03_2024,1,0.9977488,1
img_00439_p04_2024,1,0.77469826,1
img_00439_p05_2024,1,0.9899121,1
img_00439_p06_2024,1,0.9809856,1
img_00439_p07_2024,1,0.9997898,1
img_00439_p08_2024,1,0.9999603,1
img_00530_2024,1,0.053132117,0
img_00533_2024,1,0.9567401,1
img_00531_2024,1,0.00029470303,0
img_00535_2024,1,0.002256885,0
img_00520_p01_2024,1,0.9955187,1
img_00520_p02_2024,1,0.48810384,1
img_00496_p01_2024,1,0.99992895,1
img_00496_p02_2024,1,0.9994968,1
img_00496_p03_2024,1,0.9998141,1
img_00496_p04_2024,1,0.9894477,1
img_00534_2024,1,0.0020897614,0
img_00532_2024,1,0.999713,1
img_00537_2024,1,0.001359926,0
img_00541_2024,1,0.0001251561,0
img_00543_2024,1,0.38026026,1
img_00538_2024,1,0.9717934,1
img_00544_2024,1,0.96083397,1
img_00542_2024,1,0.0020614984,0
img_00540_2024,1,0.45901147,1
img_00546_2024,1,0.99998736,1
img_00547_2024,1,0.00044884134,0
img_00548_2024,1,2.6962563e-05,0
img_00536_p01_2024,1,0.9997168,1
img_00536_p02_2024,1,0.9993623,1
img_00549_2024,1,0.3375634,1
img_00552_2024,1,0.0004167125,0
img_00554_2024,1,0.00015405899,0
img_00550_2024,1,0.99986327,1
img_00553_2024,1,0.79947686,1
img_00508_p01_2024,1,0.94529974,1
img_00508_p02_2024,1,0.99931645,1
img_00508_p03_2024,1,0.88033867,1
img_00508_p04_2024,1,0.0003486081,0
img_00508_p05_2024,1,0.9994698,1
img_00516_p01_2024,1,0.99712855,1
img_00516_p02_2024,1,0.9747431,1
img_00516_p03_2024,1,0.9836205,1
img_00516_p04_2024,1,0.95630753,1
img_00556_2024,1,0.026088966,0
img_00512_p01_2024,1,0.9091402,1
img_00512_p02_2024,1,0.9984351,1
img_00512_p03_2024,1,0.5247725,1
img_00512_p04_2024,1,0.95790195,1
img_00512_p05_2024,1,0.995308,1
img_00512_p06_2024,1,0.92876077,1
img_00555_2024,1,1.19245215e-05,0
img_00559_2024,1,0.0019009952,0
img_00485_p01_2024,1,0.96782535,1
img_00485_p02_2024,1,0.0065958835,0
img_00485_p03_2024,1,0.22279687,1
img_00485_p04_2024,1,0.9923326,1
img_00485_p05_2024,1,0.99931085,1
img_00485_p06_2024,1,0.99991,1
img_00485_p07_2024,1,0.99987745,1
img_00563_2024,1,0.46600643,1
img_00558_2024,1,0.9928141,1
img_00562_2024,1,0.9747482,1
img_00564_2024,1,0.7114852,1
img_00561_2024,1,0.9480251,1
img_00521_p01_2024,1,0.44499707,1
img_00521_p02_2024,1,0.08560906,0
img_00521_p03_2024,1,0.9210965,1
img_00521_p04_2024,1,0.995152,1
img_00560_2024,1,0.00047028324,0
img_00566_2024,1,0.0019006623,0
img_00567_2024,1,0.35894948,1
img_00565_2024,1,0.0045701684,0
img_00571_2024,1,0.0003396602,0
img_00570_2024,1,0.9947337,1
img_00572_2024,1,0.46311718,1
img_00574_2024,1,0.9847899,1
img_00573_2024,1,0.0062241615,0
img_00569_2024,1,0.008283333,0
img_00545_p01_2024,1,0.18681183,0
img_00545_p02_2024,1,0.99965703,1
img_00575_2024,1,7.265446e-05,0
img_00578_2024,1,0.03486295,0
img_00539_p01_2024,1,0.9796052,1
img_00539_p02_2024,1,0.736767,1
img_00539_p03_2024,1,0.001865798,0
img_00539_p04_2024,1,0.03193568,0
img_00577_2024,1,0.24293281,1
img_00576_2024,1,0.96277696,1
img_00568_2024,1,0.9979668,1
img_00583_2024,1,5.8932408e-05,0
img_00581_2024,1,0.009735999,0
img_00580_2024,1,0.9868995,1
img_00585_2024,1,0.02653738,0
img_00579_2024,1,0.9999987,1
img_00584_2024,1,2.34362e-05,0
img_00586_2024,1,0.20276326,1
img_00587_2024,1,0.95577437,1
img_00582_2024,1,0.0010295734,0
img_00588_2024,1,0.032716103,0
img_00590_2024,1,0.58261925,1
img_00589_2024,1,0.009025912,0
img_00551_p01_2024,1,0.0546654,0
img_00551_p02_2024,1,0.99990773,1
img_00551_p03_2024,1,0.87038517,1
img_00551_p04_2024,1,0.7067336,1
img_00591_2024,1,0.0647264,0
img_00592_2024,1,0.00554998,0
img_00595_2024,1,0.36831167,1
img_00597_2024,1,0.0008599332,0
img_00596_2024,1,0.0029354303,0
img_00599_2024,1,0.26742268,1
img_00603_2024,1,0.852475,1
img_00604_2024,1,0.9999459,1
img_00606_2024,1,0.0005772804,0
img_00594_2024,1,0.92851484,1
img_00601_2024,1,0.4956564,1
img_00607_2024,1,0.25868803,1
img_00608_2024,1,0.9082989,1
img_00598_p01_2024,1,0.46661922,1
img_00598_p02_2024,1,0.93186086,1
img_00613_2024,1,0.5186319,1
img_00615_2024,1,0.99817336,1
img_00557_p01_2024,1,0.058622018,0
img_00557_p02_2024,1,0.9999279,1
img_00557_p03_2024,1,0.023496179,0
img_00557_p04_2024,1,0.99976915,1
img_00605_2024,1,0.6674466,1
img_00614_2024,1,0.00032255918,0
img_00616_2024,1,0.99996996,1
img_00617_2024,1,0.00033742745,0
img_00612_2024,1,0.7172011,1
img_00618_2024,1,0.99989426,1
img_00619_2024,1,0.17797269,0
img_00621_2024,1,0.99763405,1
img_00622_2024,1,0.99209857,1
img_00623_2024,1,0.019193634,0
img_00625_2024,1,0.40871823,1
img_00611_2024,1,0.9990351,1
img_00471_p01_2024,1,0.99981624,1
img_00471_p02_2024,1,0.99988925,1
img_00471_p03_2024,1,0.9975057,1
img_00471_p04_2024,1,0.9988912,1
img_00471_p05_2024,1,0.9997981,1
img_00471_p06_2024,1,0.99986005,1
img_00471_p07_2024,1,0.99974436,1
img_00471_p08_2024,1,0.98025954,1
img_00471_p09_2024,1,0.99951804,1
img_00471_p10_2024,1,0.9959078,1
img_00471_p11_2024,1,0.9870977,1
img_00620_2024,1,0.006808637,0
img_00629_2024,1,0.08488147,0
img_00627_2024,1,0.9693047,1
img_00624_2024,1,0.9996798,1
img_00631_2024,1,0.0046010343,0
img_00626_2024,1,1.5866777e-07,0
img_00161_p01_2024,1,0.9789634,1
img_00161_p02_2024,1,0.9997079,1
img_00161_p03_2024,1,0.27226618,1
img_00161_p04_2024,1,0.022712057,0
img_00161_p05_2024,1,0.98691314,1
img_00161_p06_2024,1,0.94713414,1
img_00161_p07_2024,1,0.9981627,1
img_00161_p08_2024,1,0.6222811,1
img_00161_p09_2024,1,0.9985765,1
img_00161_p10_2024,1,0.010467203,0
img_00161_p11_2024,1,0.9830723,1
img_00161_p12_2024,1,0.9972331,1
img_00161_p13_2024,1,0.052133422,0
img_00161_p15_2024,1,0.9991824,1
img_00161_p16_2024,1,0.48117727,1
img_00161_p17_2024,1,0.012955225,0
img_00161_p18_2024,1,0.9227684,1
img_00161_p19_2024,1,0.9760734,1
img_00630_2024,1,0.056998465,0
img_00632_2024,1,0.15152977,0
img_00636_2024,1,0.05127518,0
img_00635_2024,1,0.8402727,1
img_00634_2024,1,0.0041558333,0
img_00638_2024,1,0.9264241,1
img_00639_2024,1,0.003725671,0
img_00640_2024,1,0.99909973,1
img_00641_2024,1,0.94293416,1
img_00633_2024,1,0.5985683,1
img_00645_2024,1,0.027472112,0
img_00643_2024,1,1.129765e-05,0
img_00528_p01_2024,1,0.9002394,1
img_00528_p02_2024,1,0.9980261,1
img_00528_p03_2024,1,0.9993082,1
img_00528_p04_2024,1,0.942159,1
img_00528_p05_2024,1,0.99987507,1
img_00528_p06_2024,1,0.99918634,1
img_00528_p07_2024,1,0.99767965,1
img_00528_p08_2024,1,0.2052698,1
img_00528_p09_2024,1,0.031160604,0
img_00647_2024,1,0.50474095,1
img_00649_2024,1,0.9471965,1
img_00650_2024,1,0.00038931743,0
img_00642_2024,1,0.003140581,0
img_00652_2024,1,0.9900732,1
img_00637_p01_2024,1,0.98440415,1
img_00637_p02_2024,1,0.082470536,0
img_00644_2024,1,0.98079497,1
img_00653_2024,1,0.9843887,1
img_00655_2024,1,0.9994941,1
img_00646_p01_2024,1,0.99985826,1
img_00646_p02_2024,1,0.99982506,1
img_00602_p01_2024,1,0.005320309,0
img_00602_p02_2024,1,0.0129842935,0
img_00602_p03_2024,1,0.67707187,1
img_00602_p04_2024,1,0.51762754,1
img_00602_p05_2024,1,0.9999572,1
img_00602_p06_2024,1,0.9989813,1
img_00656_2024,1,0.9576804,1
img_00648_p01_2024,1,0.99797946,1
img_00648_p02_2024,1,0.04583122,0
img_00662_2024,1,0.9998747,1
img_00659_2024,1,0.57034475,1
img_00658_2024,1,0.9929852,1
img_00660_2024,1,0.05892432,0
img_00661_2024,1,0.08985685,0
img_00663_2024,1,0.045330163,0
img_00664_2024,1,0.0037106234,0
img_00665_2024,1,0.005289597,0
img_00669_2024,1,0.19406785,0
img_00668_2024,1,0.0056326813,0
img_00667_2024,1,0.010384845,0
img_00672_2024,1,0.99067056,1
img_00670_2024,1,0.0054458803,0
img_00671_2024,1,0.98768276,1
img_00673_2024,1,0.80153644,1
img_00674_2024,1,0.10528831,0
img_00675_2024,1,0.94827485,1
img_00666_2024,1,0.8273528,1
img_00676_2024,1,0.040288635,0
img_00600_p01_2024,1,0.7936505,1
img_00600_p02_2024,1,0.58841556,1
img_00600_p03_2024,1,0.0061149634,0
img_00600_p04_2024,1,0.94066817,1
img_00600_p05_2024,1,0.75997674,1
img_00600_p06_2024,1,0.99938774,1
img_00677_2024,1,0.0509557,0
img_00609_p01_2024,1,0.9999465,1
img_00609_p02_2024,1,0.9999908,1
img_00609_p03_2024,1,0.9989644,1
img_00609_p04_2024,1,0.9999703,1
img_00609_p05_2024,1,0.99998486,1
img_00609_p06_2024,1,0.99942625,1
img_00681_2024,1,0.99585813,1
img_00679_2024,1,0.02472369,0
img_00682_2024,1,0.9977003,1
img_00497_p01_2024,1,0.9925412,1
img_00497_p02_2024,1,0.99849236,1
img_00497_p03_2024,1,0.999954,1
img_00497_p04_2024,1,0.007805538,0
img_00497_p05_2024,1,0.974683,1
img_00497_p06_2024,1,0.99957806,1
img_00497_p07_2024,1,0.99959654,1
img_00497_p08_2024,1,0.9998752,1
img_00497_p09_2024,1,0.99493176,1
img_00497_p10_2024,1,0.39694265,1
img_00497_p11_2024,1,0.9999733,1
img_00497_p12_2024,1,0.98184997,1
img_00497_p13_2024,1,0.9954283,1
img_00497_p14_2024,1,0.9969902,1
img_00497_p15_2024,1,0.73111784,1
img_00687_2024,1,0.0021970763,0
img_00684_2024,1,0.9963952,1
img_00680_2024,1,0.00018283879,0
img_00683_2024,1,0.001124164,0
img_00686_2024,1,0.5347111,1
img_00688_2024,1,0.0024059091,0
img_00690_2024,1,0.99972135,1
img_00691_2024,1,0.038328975,0
img_00685_2024,1,0.0024069175,0
img_00697_2024,1,0.24589375,1
img_00695_2024,1,0.23383886,1
img_00693_2024,1,0.0023971505,0
img_00692_2024,1,0.99722964,1
img_00027_p01_2024,1,0.60249645,1
img_00027_p02_2024,1,0.012691218,0
img_00027_p03_2024,1,0.6462956,1
img_00027_p04_2024,1,0.8679101,1
img_00027_p05_2024,1,0.92704105,1
img_00027_p06_2024,1,0.00019673826,0
img_00027_p07_2024,1,0.9857845,1
img_00027_p08_2024,1,0.29862314,1
img_00027_p09_2024,1,0.08820824,0
img_00027_p10_2024,1,0.055090565,0
img_00027_p11_2024,1,0.9970584,1
img_00027_p12_2024,1,0.9976127,1
img_00027_p13_2024,1,0.9968623,1
img_00027_p14_2024,1,0.05953368,0
img_00027_p15_2024,1,0.9971886,1
img_00027_p16_2024,1,0.108670466,0
img_00027_p17_2024,1,0.18156664,0
img_00027_p18_2024,1,0.05789205,0
img_00027_p19_2024,1,0.42098412,1
img_00027_p20_2024,1,0.6842557,1
img_00027_p21_2024,1,0.035853997,0
img_00027_p22_2024,1,0.99876213,1
img_00027_p23_2024,1,0.010051842,0
img_00027_p24_2024,1,0.99091387,1
img_00027_p25_2024,1,0.018001128,0
img_00698_2024,1,0.008539594,0
img_00699_2024,1,0.07265883,0
img_00694_2024,1,0.00043558134,0
img_00700_2024,1,0.019930493,0
img_00678_p01_2024,1,0.9992924,1
img_00678_p02_2024,1,0.8738989,1
img_00703_2024,1,0.9809343,1
img_00701_2024,1,0.47782022,1
img_00704_2024,1,0.76594216,1
img_00707_2024,1,0.30043688,1
img_00710_2024,1,0.9838792,1
img_00702_2024,1,0.00059077376,0
img_00708_2024,1,0.3799051,1
img_00709_2024,1,0.0006097465,0
img_00715_2024,1,0.9995888,1
img_00711_2024,1,0.5981189,1
img_00716_2024,1,0.091904,0
img_00717_2024,1,0.64895797,1
img_00719_2024,1,0.9990258,1
img_00722_2024,1,0.008811134,0
img_00610_p01_2024,1,0.99920565,1
img_00610_p02_2024,1,0.99999034,1
img_00610_p03_2024,1,0.9998379,1
img_00610_p04_2024,1,0.18240815,0
img_00610_p05_2024,1,0.9999429,1
img_00610_p06_2024,1,0.9978035,1
img_00610_p07_2024,1,0.8806873,1
img_00610_p08_2024,1,0.997735,1
img_00720_2024,1,0.0022529233,0
img_00657_p01_2024,1,0.7665798,1
img_00657_p02_2024,1,0.95521885,1
img_00657_p03_2024,1,0.96339417,1
img_00657_p04_2024,1,0.0139622735,0
img_00723_2024,1,0.9998387,1
img_00724_2024,1,0.0047437544,0
img_00706_p01_2024,1,0.38004646,1
img_00706_p02_2024,1,0.018540164,0
img_00654_p01_2024,1,0.41549096,1
img_00654_p02_2024,1,0.9937848,1
img_00654_p03_2024,1,0.94697773,1
img_00654_p04_2024,1,0.07766891,0
img_00654_p05_2024,1,0.9527481,1
img_00654_p06_2024,1,0.99963725,1
img_00725_2024,1,0.42273134,1
img_00726_2024,1,0.0020283512,0
img_00730_2024,1,0.060648363,0
img_00696_2024,1,0.008549037,0
img_00731_2024,1,0.24666359,1
img_00728_2024,1,0.99351984,1
img_00729_2024,1,0.8443935,1
img_00735_2024,1,0.011742365,0
img_00727_2024,1,0.017814115,0
img_00705_2024,1,0.4396819,1
img_00738_2024,1,0.15053864,0
img_00732_2024,1,0.9895495,1
img_00736_2024,1,0.937832,1
img_00733_2024,1,0.97967815,1
img_00737_2024,1,0.046674754,0
img_00739_2024,1,0.95090574,1
img_00713_2024,1,0.99350727,1
img_00721_2024,1,0.86013514,1
img_00740_2024,1,0.99998343,1
img_00744_2024,1,0.011987472,0
img_00734_2024,1,0.93542874,1
img_00745_2024,1,0.0251755,0
img_00743_2024,1,0.9998803,1
img_00748_2024,1,0.005128624,0
img_00742_2024,1,0.99402267,1
img_00718_2024,1,0.13119346,0
img_00749_2024,1,0.9953845,1
img_00746_2024,1,7.3948075e-05,0
img_00751_2024,1,0.88562965,1
img_00752_2024,1,0.85028934,1
img_00754_2024,1,0.0015173996,0
img_00753_2024,1,0.0078061917,0
img_00756_2024,1,0.9936553,1
img_00762_2024,1,0.001146439,0
img_00758_2024,1,0.024801297,0
img_00759_2024,1,0.99900824,1
img_00741_p01_2024,1,0.03476395,0
img_00741_p02_2024,1,0.0128305415,0
img_00755_2024,1,0.00013933428,0
img_00760_2024,1,0.9974444,1
img_00712_p01_2024,1,0.2889243,1
img_00712_p02_2024,1,0.40536374,1
img_00761_2024,1,0.00013852117,0
img_00764_2024,1,0.030971466,0
img_00757_2024,1,0.0015888414,0
img_00766_2024,1,0.88243526,1
img_00763_2024,1,0.9534418,1
img_00768_2024,1,0.99975985,1
img_00767_2024,1,0.0008900774,0
img_00765_2024,1,0.0046874853,0
img_00689_p01_2024,1,0.06303897,0
img_00689_p02_2024,1,0.002161999,0
img_00689_p03_2024,1,0.004521524,0
img_00689_p04_2024,1,0.9546308,1
img_00689_p05_2024,1,0.99707496,1
img_00689_p06_2024,1,0.00024644492,0
img_00750_p01_2024,1,0.018063588,0
img_00750_p02_2024,1,0.98672754,1
img_00628_p01_2024,1,0.96997154,1
img_00628_p02_2024,1,0.99903584,1
img_00628_p03_2024,1,0.19333011,0
img_00628_p04_2024,1,0.9357848,1
img_00628_p05_2024,1,0.99991345,1
img_00628_p06_2024,1,0.00011067395,0
img_00628_p07_2024,1,0.08231861,0
img_00628_p08_2024,1,0.98030394,1
img_00628_p09_2024,1,0.43214595,1
img_00769_2024,1,0.0049437783,0
img_00771_2024,1,0.99627197,1
img_00770_2024,1,0.99922013,1
img_00776_2024,1,0.00031290238,0
img_00774_2024,1,0.6079634,1
img_00775_2024,1,0.98197067,1
img_00777_2024,1,0.00011457817,0
img_00778_2024,1,0.0025077595,0
img_00773_2024,1,0.9466868,1
img_00781_2024,1,0.00021030617,0
img_00782_2024,1,0.98575264,1
img_00779_2024,1,0.9875059,1
img_00785_2024,1,0.00056574895,0
img_00787_2024,1,0.7632083,1
img_00780_2024,1,0.94642097,1
img_00714_p01_2024,1,0.9700899,1
img_00714_p02_2024,1,0.9852342,1
img_00714_p03_2024,1,0.98789525,1
img_00714_p04_2024,1,0.9981213,1
img_00786_2024,1,0.5876598,1
img_00783_2024,1,0.0018621058,0
img_00772_2024,1,0.00023930073,0
img_00784_2024,1,0.7723244,1
img_00788_2024,1,0.9944225,1
img_00789_2024,1,0.9983365,1
img_00792_2024,1,0.99991894,1
img_00796_2024,1,0.00027970385,0
img_00790_2024,1,0.006430073,0
img_00793_2024,1,0.00033897767,0
img_00803_2024,1,0.394535,1
img_00800_2024,1,0.04414403,0
img_00802_2024,1,0.00021976637,0
img_00799_2024,1,0.69493866,1
img_00795_2024,1,0.05244322,0
img_00794_2024,1,0.8319267,1
img_00798_2024,1,0.52905536,1
img_00791_2024,1,0.10165053,0
img_00805_2024,1,0.99983203,1
img_00809_2024,1,0.9993536,1
img_00806_2024,1,0.9999738,1
img_00810_2024,1,0.0017532351,0
img_00812_2024,1,0.9982589,1
img_00808_2024,1,0.96011704,1
img_00801_2024,1,0.975343,1
img_00804_2024,1,0.92442054,1
img_00816_2024,1,0.99995255,1
img_00807_2024,1,0.2867457,1
img_00813_2024,1,0.997866,1
img_00811_2024,1,0.0006650492,0
img_00819_2024,1,0.5045106,1
img_00814_2024,1,0.00032547212,0
img_00818_2024,1,0.98263526,1
img_00815_2024,1,0.0058484413,0
img_00821_2024,1,0.0030497294,0
img_00822_2024,1,0.06779088,0
img_00820_2024,1,0.0013830812,0
img_00826_2024,1,0.013752704,0
img_00823_2024,1,0.0005917659,0
img_00829_2024,0,0.0016610024,0
img_00830_2024,0,0.009328728,0
img_00824_2024,1,0.925605,1
img_00827_2024,1,0.99565864,1
img_00797_p01_2024,1,0.997027,1
img_00797_p02_2024,1,0.34393057,1
img_00828_2024,0,4.666839e-05,0
img_00833_2024,0,8.2348315e-06,0
img_00835_2024,0,2.6285325e-05,0
img_00834_2024,0,1.1067142e-05,0
img_00825_2024,1,7.9432e-05,0
img_00832_2024,0,6.483549e-07,0
img_00836_2024,0,6.962708e-06,0
img_00837_2024,0,1.9545873e-06,0
img_00839_2024,0,6.979046e-05,0
img_00838_2024,0,0.0012741418,0
img_00844_2024,0,1.1029093e-06,0
img_00842_2024,0,0.00053483254,0
img_00841_2024,0,6.6753146e-06,0
img_00843_2024,0,0.0007556861,0
img_00846_2024,0,8.771026e-05,0
img_00847_2024,0,2.5408315e-06,0
img_00831_2024,0,0.0002133356,0
img_00848_2024,0,4.780134e-05,0
img_00850_2024,0,5.1837524e-06,0
img_00849_2024,0,9.270535e-05,0
img_00851_2024,0,0.0009821043,0
img_00840_2024,0,5.8438534e-05,0
img_00845_2024,0,7.0291535e-05,0
img_00852_2024,0,0.0002142333,0
img_00854_2024,0,6.788836e-05,0
img_00856_2024,0,1.3123614e-06,0
img_00858_2024,0,4.354784e-05,0
img_00853_2024,0,6.0220846e-06,0
img_00857_2024,0,0.00016886773,0
img_00855_2024,0,5.1562496e-05,0
img_00747_p01_2024,1,0.9982089,1
img_00747_p02_2024,1,0.062706664,0
img_00747_p03_2024,1,0.9502257,1
img_00747_p04_2024,1,0.036435213,0
img_00747_p05_2024,1,0.013957647,0
img_00747_p06_2024,1,0.9999076,1
img_00860_2024,0,0.00025024137,0
img_00859_2024,0,1.0789337e-06,0
img_00865_2024,0,0.0012632813,0
img_00863_2024,0,0.00015015693,0
img_00862_2024,0,1.6680016e-06,0
img_00864_2024,0,0.0018698144,0
img_00866_2024,0,2.1807737e-05,0
img_00861_2024,0,1.5576215e-05,0
img_00868_2024,0,8.091683e-06,0
img_00870_2024,0,1.5847883e-05,0
img_00877_2024,0,6.2833395e-05,0
img_00874_2024,0,2.332039e-06,0
img_00871_2024,0,1.3976343e-06,0
img_00875_2024,0,2.1056543e-05,0
img_00869_2024,0,1.2290284e-05,0
img_00872_2024,0,0.0009018441,0
img_00867_2024,0,8.406318e-06,0
img_00878_2024,0,6.593935e-06,0
img_00876_2024,0,4.643118e-06,0
img_00879_2024,0,3.314569e-05,0
img_00883_2024,0,0.004215864,0
img_00873_2024,0,1.379884e-05,0
img_00881_2024,0,0.00014828135,0
img_00882_2024,0,5.7004487e-05,0
img_00884_2024,0,2.2388886e-05,0
img_00890_2024,0,7.555696e-05,0
img_00892_2024,0,0.00011299794,0
img_00886_2024,0,0.00029780026,0
img_00887_2024,0,2.6713425e-07,0
img_00888_2024,0,0.0006350871,0
img_00889_2024,0,0.0027807755,0
img_00891_2024,0,0.00066959165,0
img_00894_2024,0,0.00015042476,0
img_00895_2024,0,2.3051592e-07,0
img_00893_2024,0,9.549999e-06,0
img_00896_2024,0,0.017787877,0
img_00900_2024,0,6.0780917e-06,0
img_00898_2024,0,1.2291691e-05,0
img_00885_2024,0,1.9986048e-06,0
img_00817_p01_2024,1,0.9851953,1
img_00817_p02_2024,1,0.9921882,1
img_00817_p03_2024,1,0.99359834,1
img_00817_p04_2024,1,0.99985087,1
img_00897_2024,0,0.00027337193,0
img_00899_2024,0,0.0013380036,0
img_00901_2024,0,0.00042320826,0
img_00903_2024,0,0.00020541623,0
img_00905_2024,0,1.1286915e-05,0
img_00904_2024,0,7.013044e-05,0
img_00907_2024,0,3.1265427e-07,0
img_00908_2024,0,3.749501e-06,0
img_00902_2024,0,0.00018968504,0
img_00910_2024,0,4.4486773e-05,0
img_00909_2024,0,4.0082737e-06,0
img_00911_2024,0,0.00036485257,0
img_00913_2024,0,0.06387301,0
img_00912_2024,0,8.427669e-06,0
img_00906_2024,0,2.6191121e-06,0
img_00917_2024,0,0.00021693442,0
img_00914_2024,0,0.0030773003,0
img_00916_2024,0,0.00026737447,0
img_00923_2024,0,0.00039037233,0
img_00919_2024,0,5.002402e-06,0
img_00915_2024,0,1.446861e-05,0
img_00918_2024,0,2.605875e-05,0
img_00927_2024,0,2.9156561e-05,0
img_00924_2024,0,3.5111407e-05,0
img_00928_2024,0,6.1224615e-05,0
img_00932_2024,0,1.6673699e-05,0
img_00921_2024,0,0.00055793003,0
img_00920_2024,0,8.3640116e-05,0
img_00926_2024,0,2.358413e-05,0
img_00930_2024,0,0.0007048307,0
img_00922_2024,0,6.0211067e-05,0
img_00925_2024,0,2.0767477e-05,0
img_00931_2024,0,3.531019e-05,0
img_00934_2024,0,3.3179465e-05,0
img_00935_2024,0,1.5999307e-06,0
img_00933_2024,0,7.5676803e-06,0
img_00938_2024,0,0.0019795038,0
img_00941_2024,0,0.0001378702,0
img_00939_2024,0,3.765508e-05,0
img_00937_2024,0,2.4176506e-05,0
img_00936_2024,0,0.0013653322,0
img_00929_2024,0,1.6668104e-05,0
img_00946_2024,0,3.2635846e-05,0
img_00945_2024,0,1.990091e-05,0
img_00950_2024,0,1.7041511e-05,0
img_00948_2024,0,0.0004630898,0
img_00942_2024,0,3.942054e-06,0
img_00940_2024,0,4.6585747e-06,0
img_00943_2024,0,8.989899e-06,0
img_00947_2024,0,0.06435704,0
img_00944_2024,0,8.260118e-06,0
img_00953_2024,0,2.3302293e-06,0
img_00951_2024,0,6.252211e-05,0
img_00949_2024,0,2.3981486e-06,0
img_00952_2024,0,0.00078792,0
img_00954_2024,0,1.3382133e-05,0
img_00955_2024,0,0.0016605454,0
img_00957_2024,0,4.7171307e-05,0
img_00880_p01_2024,0,1.6156592e-06,0
img_00880_p02_2024,0,5.135707e-06,0
img_00880_p03_2024,0,1.0190881e-06,0
img_00880_p04_2024,0,2.4227536e-05,0
img_00958_2024,0,9.121067e-06,0
img_00960_2024,0,3.4698694e-06,0
img_00964_2024,0,0.00033759527,0
img_00967_2024,0,2.157146e-06,0
img_00959_2024,0,2.4735687e-05,0
img_00962_2024,0,0.000637952,0
img_00965_2024,0,1.951293e-05,0
img_00963_2024,0,0.0025087378,0
img_00961_2024,0,0.027040616,0
img_00971_2024,0,1.9128088e-06,0
img_00968_2024,0,0.09200577,0
img_00978_2024,0,4.1070302e-06,0
img_00969_2024,0,1.1105297e-05,0
img_00973_2024,0,0.00046146222,0
img_00976_2024,0,7.640017e-05,0
img_00966_2024,0,6.490447e-07,0
img_00970_2024,0,3.4413895e-06,0
img_00975_2024,0,5.8692032e-05,0
img_00982_2024,0,5.588456e-06,0
img_00972_2024,0,1.21058365e-05,0
img_00981_2024,0,0.0008276354,0
img_00977_2024,0,3.837872e-06,0
img_00979_2024,0,0.18209982,0
img_00980_2024,0,8.6795946e-05,0
img_00974_2024,0,1.4032895e-05,0
img_00984_2024,0,0.00029555106,0
img_00983_2024,0,0.5535106,1
img_00986_2024,0,0.00016086362,0
img_00987_2024,0,2.3081711e-05,0
img_00990_2024,0,0.00016677582,0
img_00991_2024,0,1.3607784e-05,0
img_00992_2024,0,4.8663296e-06,0
img_00985_2024,0,0.0002830275,0
img_00996_2024,0,1.8716051e-05,0
img_00994_2024,0,0.0011870911,0
img_00993_2024,0,2.9353163e-05,0
img_00956_p01_2024,0,1.8860705e-06,0
img_00956_p02_2024,0,2.7539484e-06,0
img_00998_2024,0,1.5284713e-05,0
img_00593_p01_2024,1,0.04600561,0
img_00593_p02_2024,1,0.18008508,0
img_00593_p03_2024,1,0.04398081,0
img_00593_p04_2024,1,0.03264238,0
img_00593_p05_2024,1,0.16542849,0
img_00593_p06_2024,1,0.29723245,1
img_00593_p07_2024,1,0.17151958,0
img_00593_p08_2024,1,0.99938464,1
img_00593_p09_2024,1,0.0009199849,0
img_00593_p10_2024,1,0.02867988,0
img_00593_p11_2024,1,0.9708118,1
img_00593_p12_2024,1,0.12737888,0
img_00593_p13_2024,1,0.01878398,0
img_00593_p14_2024,1,0.9992061,1
img_00593_p15_2024,1,0.7597439,1
img_00593_p16_2024,1,0.99982053,1
img_00593_p17_2024,1,0.99536246,1
img_00593_p18_2024,1,0.9998191,1
img_00593_p19_2024,1,0.9884947,1
img_00593_p20_2024,1,0.71754444,1
img_00593_p21_2024,1,0.9985815,1
img_00593_p22_2024,1,0.99974495,1
img_00989_2024,0,0.0002302912,0
img_00997_2024,0,9.015509e-06,0
img_00999_2024,0,1.3733899e-06,0
img_00995_2024,0,2.5211903e-05,0
img_01000_2024,0,0.0025661062,0
img_01001_2024,0,4.333912e-05,0
img_01003_2024,0,2.6860958e-05,0
img_01004_2024,0,8.84192e-05,0
img_01002_2024,0,1.186343e-05,0
img_01005_2024,0,5.7430465e-05,0
img_01006_2024,0,0.00026446697,0
img_01008_2024,0,0.7831307,1
img_01009_2024,0,4.4001604e-06,0
img_01007_2024,0,7.379317e-06,0
img_01013_2024,0,7.000272e-06,0
img_01014_2024,0,2.1674485e-05,0
img_01012_2024,0,3.971665e-05,0
img_01011_2024,0,4.602395e-07,0
img_01018_2024,0,0.00023221297,0
img_01015_2024,0,1.297785e-05,0
img_01020_2024,0,3.580257e-06,0
img_01016_2024,0,7.724492e-06,0
img_01017_2024,0,0.011925907,0
img_01024_2024,0,1.404244e-05,0
img_01021_2024,0,0.00018535471,0
img_00988_p01_2024,0,7.137469e-05,0
img_00988_p02_2024,0,0.0001512417,0
img_01022_2024,0,0.0011807993,0
img_01025_2024,0,1.3274019e-05,0
img_01023_2024,0,3.685032e-06,0
img_01032_2024,0,2.1528489e-05,0
img_01027_2024,0,3.1107813e-06,0
img_01033_2024,0,2.0332835e-05,0
img_01029_2024,0,1.3759989e-06,0
img_01028_2024,0,0.00019861097,0
img_01035_2024,0,0.00055506657,0
img_01031_2024,0,1.6308675e-05,0
img_01026_2024,0,0.000102547056,0
img_01030_2024,0,4.0545274e-06,0
img_01037_2024,0,0.00035128184,0
img_01036_2024,0,5.36674e-05,0
img_01040_2024,0,7.5072894e-05,0
img_01043_2024,0,3.201943e-06,0
img_01047_2024,0,0.00030753834,0
img_01046_2024,0,6.0558045e-06,0
img_01042_2024,0,5.5554788e-06,0
img_01049_2024,0,4.573636e-06,0
img_01041_2024,0,8.37277e-06,0
img_01045_2024,0,1.0639496e-05,0
img_01048_2024,0,0.00063972286,0
img_01038_2024,0,3.8020619e-06,0
img_01034_p01_2024,0,3.3337128e-05,0
img_01034_p02_2024,0,0.0004804962,0
img_01051_2024,0,5.957152e-05,0
img_01054_2024,0,3.2785558e-06,0
img_01050_2024,0,1.5074909e-05,0
img_01052_2024,0,9.566703e-07,0
img_01055_2024,0,3.0810295e-06,0
img_01039_p01_2024,0,3.0569758e-05,0
img_01039_p02_2024,0,3.3255646e-06,0
img_01058_2024,0,0.107829824,0
img_01057_2024,0,6.93991e-06,0
img_01056_2024,0,0.00022040788,0
img_01044_2024,0,4.4034135e-05,0
img_01062_2024,0,2.2552218e-05,0
img_01059_2024,0,0.001254469,0
img_01010_p01_2024,0,1.3805856e-05,0
img_01010_p02_2024,0,2.3246661e-05,0
img_01010_p03_2024,0,7.7833465e-06,0
img_01065_2024,0,9.692861e-05,0
img_01053_2024,0,1.3342032e-05,0
img_01064_2024,0,1.5993267e-06,0
img_01060_2024,0,0.018057462,0
img_01068_2024,0,0.006954638,0
img_01067_2024,0,8.299844e-06,0
img_01061_2024,0,0.000109396075,0
img_01066_2024,0,2.0638277e-05,0
img_01076_2024,0,0.00051020103,0
img_01070_2024,0,5.077945e-05,0
img_01072_2024,0,6.452863e-06,0
img_01081_2024,0,7.5146195e-06,0
img_01073_2024,0,0.0048352713,0
img_01069_2024,0,2.4518518e-05,0
img_01078_2024,0,3.3134376e-05,0
img_01074_2024,0,2.589952e-05,0
img_01071_2024,0,3.2062756e-06,0
img_01019_p01_2024,0,0.00033222715,0
img_01019_p02_2024,0,8.513678e-05,0
img_01019_p03_2024,0,3.0433746e-05,0
img_01019_p04_2024,0,0.0004230134,0
img_01083_2024,0,0.0013656326,0
img_01080_2024,0,2.0133302e-05,0
img_01077_2024,0,2.1690612e-05,0
img_01082_2024,0,0.0013618739,0
img_01085_2024,0,4.712644e-05,0
img_01090_2024,0,0.00010695985,0
img_01094_2024,0,1.9507922e-06,0
img_01089_2024,0,3.6472797e-05,0
img_01088_2024,0,6.632437e-05,0
img_01091_2024,0,0.023711797,0
img_01084_2024,0,2.0376192e-06,0
img_01095_2024,0,2.4296844e-06,0
img_01086_2024,0,6.046724e-05,0
img_01097_2024,0,1.4021832e-05,0
img_01099_2024,0,2.1243213e-05,0
img_01096_2024,0,2.889784e-06,0
img_01098_2024,0,2.3822495e-05,0
img_01092_2024,0,2.4484393e-06,0
img_01102_2024,0,4.7120634e-06,0
img_01101_2024,0,1.748596e-05,0
img_01106_2024,0,0.0021593454,0
img_01107_2024,0,3.1709833e-06,0
img_01104_2024,0,8.293682e-05,0
img_01087_p01_2024,0,6.0030193e-06,0
img_01087_p02_2024,0,1.0743536e-05,0
img_01109_2024,0,3.7892585e-06,0
img_01100_2024,0,2.5366794e-06,0
img_01075_p01_2024,0,2.4457193e-05,0
img_01075_p02_2024,0,2.1191514e-05,0
img_01075_p03_2024,0,6.2180707e-06,0
img_01110_2024,0,0.00046841713,0
img_01093_2024,0,0.613173,1
img_01111_2024,0,9.901365e-06,0
img_01114_2024,0,9.1267575e-06,0
img_01116_2024,0,7.0106704e-05,0
img_01115_2024,0,0.0010749697,0
img_01108_2024,0,0.0017563541,0
img_01113_2024,0,0.00015107665,0
img_01119_2024,0,0.00016137522,0
img_01118_2024,0,8.090365e-06,0
img_01120_2024,0,6.7816695e-06,0
img_01124_2024,0,5.402515e-05,0
img_01123_2024,0,2.388364e-05,0
img_01121_2024,0,6.784856e-05,0
img_01127_2024,0,3.1645144e-05,0
img_01122_2024,0,1.7618277e-05,0
img_01130_2024,0,4.877585e-05,0
img_01132_2024,0,0.9957808,1
img_01126_2024,0,4.2144602e-05,0
img_01128_2024,0,0.004794855,0
img_01129_2024,0,4.0149098e-05,0
img_01131_2024,0,0.00019797022,0
img_01125_2024,0,3.9213114e-06,0
img_01135_2024,0,1.7194392e-05,0
img_01103_2024,0,1.7924021e-05,0
img_01138_2024,0,1.7942414e-06,0
img_01141_2024,0,1.2965158e-05,0
img_01140_2024,0,9.5673095e-06,0
img_01139_2024,0,8.035399e-05,0
img_01134_2024,0,3.1087468e-06,0
img_01145_2024,0,0.00024180664,0
img_01142_2024,0,5.0685076e-06,0
img_01144_2024,0,0.0035030474,0
img_01143_2024,0,0.00094718527,0
img_01146_2024,0,0.00024203892,0
img_01112_2024,0,2.5720185e-05,0
img_01136_2024,0,6.621921e-05,0
img_01150_2024,0,0.002866379,0
img_01151_2024,0,0.0038866804,0
img_01154_2024,0,5.2082825e-05,0
img_01152_2024,0,0.0008020423,0
img_01149_2024,0,2.0781246e-05,0
img_01079_p01_2024,0,4.7571193e-05,0
img_01079_p02_2024,0,1.1939337e-05,0
img_01117_2024,0,0.00027344283,0
img_01133_p01_2024,0,0.0001011826,0
img_01133_p02_2024,0,8.931875e-05,0
img_01156_2024,0,0.0054048006,0
img_01155_2024,0,2.1782318e-05,0
img_01157_2024,0,0.00032787456,0
img_01063_p01_2024,0,0.00054831407,0
img_01063_p02_2024,0,0.0005141307,0
img_01063_p03_2024,0,0.00082736014,0
img_01063_p04_2024,0,6.986791e-05,0
img_01063_p05_2024,0,0.000107670756,0
img_01063_p06_2024,0,6.166636e-05,0
img_01159_2024,0,0.00021235236,0
img_01153_2024,0,2.9429373e-05,0
img_01158_2024,0,2.069413e-05,0
img_01148_2024,0,7.703629e-06,0
img_01161_2024,0,0.0022025337,0
img_01165_2024,0,7.409412e-05,0
img_00651_p01_2024,1,0.8105884,1
img_00651_p02_2024,1,0.9952781,1
img_00651_p03_2024,1,0.99731797,1
img_00651_p04_2024,1,0.92040026,1
img_00651_p05_2024,1,0.71086055,1
img_00651_p06_2024,1,0.14286996,0
img_00651_p07_2024,1,0.007845515,0
img_00651_p08_2024,1,0.0017121271,0
img_00651_p09_2024,1,0.99799263,1
img_00651_p10_2024,1,0.9986142,1
img_00651_p11_2024,1,0.97850853,1
img_00651_p12_2024,1,0.044627707,0
img_00651_p13_2024,1,0.0047845114,0
img_00651_p14_2024,1,0.9995322,1
img_00651_p15_2024,1,0.9995772,1
img_00651_p16_2024,1,0.521234,1
img_00651_p17_2024,1,0.9994134,1
img_00651_p18_2024,1,0.00084726006,0
img_01164_2024,0,1.801317e-06,0
img_01166_2024,0,5.3125365e-05,0
img_01167_2024,0,9.2869566e-05,0
img_01162_2024,0,2.788129e-05,0
img_01137_p01_2024,0,3.5993703e-06,0
img_01137_p02_2024,0,6.891212e-06,0
img_01168_2024,0,5.692805e-05,0
img_01163_2024,0,8.210905e-06,0
img_01105_2024,0,4.150658e-06,0
img_01171_2024,0,0.0013071289,0
img_01169_2024,0,0.00012787813,0
img_01174_2024,0,8.5176e-06,0
img_01173_2024,0,0.0031228424,0
img_01170_2024,0,6.770869e-05,0
img_01172_2024,0,9.144428e-05,0
img_01147_p01_2024,0,0.0020199239,0
img_01147_p02_2024,0,3.035048e-06,0
img_01176_2024,0,0.00015888266,0
img_01179_2024,0,4.503841e-05,0
img_01178_2024,0,3.3077045e-05,0
img_01175_2024,0,1.0940428e-05,0
img_01184_2024,0,1.29886475e-05,0
img_01181_2024,0,5.418249e-06,0
img_01183_2024,0,2.862595e-05,0
img_01185_2024,0,1.0323837e-05,0
img_01186_2024,0,2.2050868e-05,0
img_01187_2024,0,0.00018394392,0
img_01177_2024,0,0.0023646364,0
img_01188_2024,0,1.2670441e-05,0
img_01182_2024,0,1.7021744e-05,0
img_01180_2024,0,9.485265e-05,0
img_01160_2024,0,1.8581034e-06,0
img_01190_2024,0,0.0017255594,0
img_01189_2024,0,3.9295715e-05,0
img_01197_2024,0,1.43816815e-05,0
img_01196_2024,0,0.00091364473,0
img_01193_2024,0,5.8026053e-05,0
img_01191_2024,0,5.712335e-06,0
img_01202_2024,0,0.0007320176,0
img_01195_2024,0,3.4939403e-06,0
img_01198_2024,0,4.2648484e-05,0
img_01203_2024,0,3.3320155e-06,0
img_01201_2024,0,5.9383356e-06,0
img_01200_2024,0,0.0030506777,0
img_01199_2024,0,2.0849811e-05,0
img_01194_2024,0,0.00032130355,0
img_01204_2024,0,4.4219207e-05,0
img_01192_2024,0,0.002578297,0
img_01206_2024,0,0.00013424671,0
img_01209_2024,0,0.0019072545,0
img_01210_2024,0,9.057478e-06,0
img_01208_2024,0,1.0998968e-06,0
img_01207_2024,0,4.52731e-05,0
img_01213_2024,0,1.2423172e-05,0
img_01212_2024,0,2.0359377e-05,0
img_01217_2024,0,2.2446816e-06,0
img_01211_2024,0,6.039618e-05,0
img_01214_2024,0,1.4934722e-05,0
img_01216_2024,0,0.00043260714,0
img_01218_2024,0,3.2024385e-05,0
img_01223_2024,0,3.253749e-05,0
img_01224_2024,0,2.696639e-06,0
img_01220_2024,0,7.807239e-06,0
img_01215_2024,0,1.33951435e-05,0
img_01222_2024,0,2.689302e-06,0
img_01225_2024,0,9.584543e-06,0
img_01226_2024,0,7.956709e-05,0
img_01219_2024,0,2.9166433e-05,0
img_01227_2024,0,1.10829305e-05,0
img_01228_2024,0,0.00021569095,0
img_01205_p01_2024,0,6.011372e-06,0
img_01205_p02_2024,0,7.2452694e-06,0
img_01229_2024,0,2.0497498e-06,0
img_01231_2024,0,2.4497451e-06,0
img_01230_2024,0,6.0386706e-06,0
img_01233_2024,0,0.00015995996,0
img_01232_2024,0,2.208094e-05,0
img_01234_2024,0,5.6121266e-06,0
img_01236_2024,0,1.2252005e-06,0
img_01235_2024,0,0.029393202,0
img_01237_2024,0,7.687615e-05,0
img_01238_2024,0,1.3740037e-05,0
img_01240_2024,0,8.09004e-06,0
img_01245_2024,0,7.976763e-06,0
img_01243_2024,0,0.9429763,1
img_01239_2024,0,6.0842794e-06,0
img_01241_2024,0,4.8503307e-06,0
img_01246_2024,0,9.421145e-05,0
img_01244_2024,0,7.399447e-07,0
img_01248_2024,0,1.2459407e-05,0
img_01247_2024,0,1.2358276e-05,0
img_01250_2024,0,0.000105490304,0
img_01252_2024,0,5.589101e-06,0
img_01251_2024,0,3.3084607e-06,0
img_01242_2024,0,1.1359611e-05,0
img_01249_2024,0,4.141131e-05,0
img_01253_2024,0,5.263897e-05,0
img_01258_2024,0,4.7410517e-06,0
img_01255_2024,0,0.00020302954,0
img_01259_2024,0,0.0001533068,0
img_01254_2024,0,9.4627075e-07,0
img_01256_2024,0,3.256515e-05,0
img_01261_2024,0,4.6388595e-06,0
img_01263_2024,0,8.201671e-06,0
img_01265_2024,0,0.89370614,1
img_01266_2024,0,0.0005942061,0
img_01262_2024,0,2.097794e-06,0
img_01269_2024,0,1.1377347e-05,0
img_01271_2024,0,0.00031803444,0
img_01273_2024,0,1.0053786e-06,0
img_01274_2024,0,5.46584e-05,0
img_01270_2024,0,6.8996575e-05,0
img_01275_2024,0,0.0067446954,0
img_01272_2024,0,0.000221329,0
img_01260_2024,0,1.4851867e-06,0
img_01264_2024,0,2.180437e-05,0
img_01268_2024,0,5.081338e-06,0
img_01277_2024,0,2.41533e-05,0
img_01281_2024,0,6.8951784e-05,0
img_01276_2024,0,3.3293409e-06,0
img_01284_2024,0,6.8593574e-05,0
img_01280_2024,0,5.6234257e-06,0
img_01282_2024,0,0.00016708492,0
img_01285_2024,0,1.9033401e-05,0
img_01267_2024,0,8.307392e-05,0
img_01278_2024,0,0.0019532673,0
img_01286_2024,0,5.875307e-05,0
img_01289_2024,0,4.270355e-05,0
img_01279_2024,0,7.82128e-06,0
img_01292_2024,0,0.0014127694,0
img_01291_2024,0,3.5723708e-05,0
img_01293_2024,0,6.320599e-05,0
img_01290_2024,0,6.399931e-05,0
img_01287_2024,0,0.0055915234,0
img_01297_2024,0,0.00075807166,0
img_01299_2024,0,0.0011511177,0
img_01294_2024,0,1.7180657e-05,0
img_01298_2024,0,7.791412e-05,0
img_01300_2024,0,4.6011273e-06,0
img_01288_2024,0,0.00056938233,0
img_01296_2024,0,1.2495036e-06,0
img_01304_2024,0,7.122355e-05,0
img_01301_2024,0,0.0002026781,0
img_01303_2024,0,3.2357122e-05,0
img_01302_2024,0,0.021376234,0
img_01305_2024,0,5.9041144e-05,0
img_01309_2024,0,1.3655312e-05,0
img_01307_2024,0,2.0879597e-05,0
img_01306_2024,0,2.9532497e-05,0
img_01311_2024,0,9.537803e-06,0
img_01310_2024,0,1.9263287e-05,0
img_01316_2024,0,6.9137704e-06,0
img_01283_2024,0,3.954849e-06,0
img_01315_2024,0,2.9231092e-06,0
img_01295_p01_2024,0,1.9789479e-05,0
img_01295_p02_2024,0,2.0838223e-05,0
img_01321_2024,0,3.620986e-05,0
img_01323_2024,0,0.00014422809,0
img_01317_2024,0,0.012572032,0
img_01312_2024,0,0.0014933334,0
img_01322_2024,0,2.5036592e-05,0
img_01319_2024,0,7.991139e-06,0
img_01313_2024,0,2.2676954e-06,0
img_01324_2024,0,6.408304e-05,0
img_01320_2024,0,1.7815008e-05,0
img_01318_2024,0,1.5697407e-05,0
img_01327_2024,0,0.006843748,0
img_01314_2024,0,4.20767e-06,0
img_01325_2024,0,8.1324697e-07,0
img_01331_2024,0,8.374068e-05,0
img_01328_2024,0,1.0711781e-05,0
img_01334_2024,0,6.296847e-05,0
img_01330_2024,0,7.407879e-05,0
img_01336_2024,0,0.00011499016,0
img_01335_2024,0,0.0001592617,0
img_01329_2024,0,2.8351957e-05,0
img_01333_2024,0,1.0458996e-05,0
img_01326_2024,0,2.3501305e-05,0
img_01308_p01_2024,0,0.00020081337,0
img_01308_p02_2024,0,8.500145e-06,0
img_01332_2024,0,9.462497e-06,0
img_01338_2024,0,0.034601767,0
img_01340_2024,0,8.497e-06,0
img_01339_2024,0,1.7991694e-06,0
img_01337_2024,0,0.0010457535,0
img_01341_2024,0,0.00028175188,0
img_01350_2024,0,0.00017887782,0
img_01348_2024,0,0.00047355497,0
img_01346_2024,0,0.09530791,0
img_01342_2024,0,3.770125e-05,0
img_01343_2024,0,3.5681767e-06,0
img_01349_2024,0,7.630795e-06,0
img_01345_2024,0,0.0005700002,0
img_01352_2024,0,7.139491e-05,0
img_01353_2024,0,1.4429146e-05,0
img_01354_2024,0,0.0039799423,0
img_01357_2024,0,0.0002608208,0
img_01356_2024,0,0.00014844743,0
img_01351_2024,0,0.00014890164,0
img_01347_2024,0,6.846157e-05,0
img_01361_2024,0,0.00011657112,0
img_01363_2024,0,2.0238216e-05,0
img_01362_2024,0,9.409763e-06,0
img_01359_2024,0,0.00017539134,0
img_01364_2024,0,2.9388819e-05,0
img_01360_2024,0,1.1717908e-05,0
img_01366_2024,0,3.1716668e-06,0
img_01365_2024,0,0.0004969496,0
img_01367_2024,0,0.00030512834,0
img_01358_2024,0,0.0023013745,0
img_01355_2024,0,1.965725e-05,0
img_01375_2024,0,0.00010110352,0
img_01370_2024,0,0.00020386912,0
img_01344_p01_2024,0,3.6223122e-05,0
img_01344_p02_2024,0,3.1663436e-05,0
img_01368_2024,0,0.00048284212,0
img_01374_2024,0,2.4933255e-05,0
img_01376_2024,0,0.00016633305,0
img_01380_2024,0,0.00022922482,0
img_01371_2024,0,9.661796e-06,0
img_01379_2024,0,6.0645436e-07,0
img_01377_2024,0,5.2238406e-06,0
img_01382_2024,0,1.4507615e-05,0
img_01257_p01_2024,0,2.3442793e-05,0
img_01257_p02_2024,0,6.0027733e-06,0
img_01257_p03_2024,0,7.47468e-05,0
img_01257_p04_2024,0,0.00412388,0
img_01257_p05_2024,0,0.0020092546,0
img_01257_p06_2024,0,9.44497e-06,0
img_01369_2024,0,6.9996518e-06,0
img_01384_2024,0,8.287909e-06,0
img_01387_2024,0,3.1317338e-06,0
img_01381_2024,0,0.000681513,0
img_01386_2024,0,5.6890443e-05,0
img_01383_2024,0,0.0006972794,0
img_01385_2024,0,1.3865885e-06,0
img_01388_2024,0,0.0020656225,0
img_01389_2024,0,4.4328517e-05,0
img_01392_2024,0,6.2388062e-06,0
img_01393_2024,0,0.00010316762,0
img_01378_2024,0,2.3882114e-05,0
img_01395_2024,0,0.00058207224,0
img_01394_2024,0,0.0003541236,0
img_01397_2024,0,0.0005676291,0
img_01390_2024,0,5.638284e-06,0
img_01391_2024,0,0.00027811155,0
img_01402_2024,0,0.00023068502,0
img_01399_2024,0,1.6539701e-05,0
img_01401_2024,0,0.00015935421,0
img_01403_2024,0,0.00021309123,0
img_01409_2024,0,0.015210684,0
img_01406_2024,0,2.6651498e-05,0
img_01404_2024,0,0.30845731,1
img_01398_2024,0,3.9332404e-06,0
img_01408_2024,0,4.3483083e-06,0
img_01407_2024,0,5.0168205e-06,0
img_01400_2024,0,1.1539441e-05,0
img_01411_2024,0,0.00017858588,0
img_01412_2024,0,1.0204913e-05,0
img_01410_2024,0,6.1915484e-06,0
img_01415_2024,0,5.7171124e-05,0
img_01417_2024,0,5.389121e-05,0
img_01414_2024,0,0.00028081326,0
img_01419_2024,0,2.6695088e-06,0
img_01373_p01_2024,0,6.741818e-06,0
img_01373_p02_2024,0,6.7122887e-06,0
img_01418_2024,0,7.1873515e-06,0
img_01422_2024,0,2.536347e-05,0
img_01421_2024,0,4.5739776e-05,0
img_01416_2024,0,0.0003703926,0
img_01424_2024,0,7.811833e-05,0
img_01420_2024,0,3.3398832e-05,0
img_01426_2024,0,0.0015017749,0
img_01423_2024,0,1.2096893e-05,0
img_01396_p01_2024,0,1.1958196e-05,0
img_01396_p02_2024,0,8.9413925e-06,0
img_01432_2024,0,0.00016611385,0
img_01437_2024,0,4.504855e-05,0
img_01433_2024,0,7.818647e-06,0
img_01436_2024,0,0.00024643837,0
img_01434_2024,0,1.0392847e-05,0
img_01435_2024,0,1.903991e-06,0
img_01413_p01_2024,0,4.3050324e-05,0
img_01413_p02_2024,0,0.027737781,0
img_01438_2024,0,2.0182804e-05,0
img_01431_2024,0,3.655529e-06,0
img_01440_2024,0,0.0009931007,0
img_01430_2024,0,0.00060306326,0
img_01443_2024,0,0.00024237561,0
img_01444_2024,0,4.874811e-06,0
img_01445_2024,0,7.613696e-05,0
img_01446_2024,0,1.2631273e-06,0
img_01441_2024,0,0.026912168,0
img_01372_p01_2024,0,6.1423234e-06,0
img_01372_p02_2024,0,4.604797e-06,0
img_01372_p03_2024,0,1.2673221e-05,0
img_01372_p04_2024,0,3.4633335e-06,0
img_01449_2024,0,0.0011205935,0
img_01448_2024,0,1.0530075e-05,0
img_01450_2024,0,0.7063871,1
img_01453_2024,0,0.0029876428,0
img_01442_2024,0,4.0987772e-05,0
img_01452_2024,0,0.0003906737,0
img_01447_2024,0,0.00042217935,0
img_01451_2024,0,1.0090354e-06,0
img_01456_2024,0,0.0050428873,0
img_01455_2024,0,2.6902617e-05,0
img_01425_p01_2024,0,7.71551e-06,0
img_01425_p02_2024,0,4.5535508e-06,0
img_01461_2024,0,0.0024536022,0
img_01462_2024,0,0.00012031073,0
img_01466_2024,0,5.9677036e-06,0
img_01458_2024,0,3.178107e-06,0
img_01463_2024,0,0.19016217,0
img_01460_2024,0,1.0537307e-05,0
img_01457_2024,0,1.8463605e-05,0
img_01465_2024,0,5.4295805e-07,0
img_01469_2024,0,0.050240364,0
img_01405_p01_2024,0,7.810694e-05,0
img_01405_p02_2024,0,2.6765225e-05,0
img_01405_p03_2024,0,4.7861096e-05,0
img_01405_p04_2024,0,0.00017512114,0
img_01467_2024,0,4.579097e-05,0
img_01221_p01_2024,0,7.026573e-05,0
img_01221_p02_2024,0,6.235926e-05,0
img_01221_p03_2024,0,0.00015860869,0
img_01221_p04_2024,0,1.2815182e-06,0
img_01221_p05_2024,0,0.0003054453,0
img_01221_p06_2024,0,4.1299583e-05,0
img_01221_p07_2024,0,2.2204937e-05,0
img_01221_p08_2024,0,1.6075687e-06,0
img_01221_p09_2024,0,2.3308116e-06,0
img_01221_p10_2024,0,1.7126984e-05,0
img_01221_p11_2024,0,1.6584258e-05,0
img_01221_p12_2024,0,1.11818235e-05,0
img_01221_p13_2024,0,0.0003268225,0
img_01470_2024,0,7.414525e-06,0
img_01427_p01_2024,0,2.581563e-05,0
img_01427_p02_2024,0,1.6950574e-06,0
img_01427_p03_2024,0,2.9506352e-06,0
img_01427_p04_2024,0,1.730337e-05,0
img_01468_2024,0,1.0385614e-05,0
img_01472_2024,0,0.00021328515,0
img_01471_2024,0,4.043218e-06,0
img_01473_2024,0,6.995247e-06,0
img_01477_2024,0,7.0596984e-06,0
img_01476_2024,0,1.3715334e-05,0
img_01478_2024,0,0.00025328627,0
img_01479_2024,0,0.03546751,0
img_01464_2024,0,1.288961e-05,0
img_01481_2024,0,3.9432696e-05,0
img_01439_p01_2024,0,5.053993e-05,0
img_01439_p02_2024,0,1.2572751e-05,0
img_01439_p03_2024,0,6.185051e-06,0
img_01439_p04_2024,0,8.6028536e-05,0
img_01480_2024,0,0.00014693593,0
img_01484_2024,0,0.00029746402,0
img_01483_2024,0,0.07635198,0
img_01474_2024,0,4.0907855e-07,0
img_01482_2024,0,0.00058398524,0
img_01485_2024,0,4.448306e-06,0
img_01486_2024,0,0.0009485336,0
img_01487_2024,0,3.9321826e-06,0
img_01489_2024,0,3.666593e-06,0
img_01488_2024,0,4.8041307e-05,0
img_01491_2024,0,2.5951564e-05,0
img_01490_2024,0,3.2935965e-05,0
img_01492_2024,0,2.7384278e-05,0
img_01493_2024,0,1.6531754e-05,0
img_01494_2024,0,0.0016491855,0
img_01495_2024,0,0.0001010958,0
img_01496_2024,0,0.00014028736,0
img_01497_2024,0,4.8109803e-05,0
img_01498_2024,0,2.6833634e-06,0
img_01499_2024,0,2.6854984e-06,0
img_01500_2024,0,9.143781e-07,0
img_01502_2024,0,7.432063e-05,0
img_01505_2024,0,0.0003096605,0
img_01506_2024,0,1.1439188e-05,0
img_01503_2024,0,3.044876e-06,0
img_01509_2024,0,3.867213e-05,0
img_01508_2024,0,1.3829205e-05,0
img_01454_p01_2024,0,1.6936258e-06,0
img_01454_p02_2024,0,2.4004664e-06,0
img_01454_p03_2024,0,3.962804e-06,0
img_01454_p04_2024,0,1.9674785e-06,0
img_01510_2024,0,1.6349803e-05,0
img_01501_2024,0,9.08952e-06,0
img_01512_2024,0,0.011272172,0
img_01511_2024,0,8.393092e-06,0
img_01428_p01_2024,0,0.000112003705,0
img_01428_p02_2024,0,0.00061121705,0
img_01428_p03_2024,0,0.000289232,0
img_01428_p04_2024,0,4.594823e-05,0
img_01428_p05_2024,0,6.400676e-05,0
img_01515_2024,0,1.6910702e-05,0
img_01514_2024,0,4.8645463e-05,0
img_01513_2024,0,1.1343544e-05,0
img_01517_2024,0,5.301245e-07,0
img_01507_2024,0,4.7493104e-06,0
img_01516_2024,0,2.2772487e-05,0
img_01504_p01_2024,0,4.7936144e-05,0
img_01504_p02_2024,0,0.0011350272,0
img_01524_2024,0,1.5553152e-06,0
img_01519_2024,0,3.873225e-06,0
img_01523_2024,0,0.0006282955,0
img_01520_2024,0,3.6450265e-06,0
img_01525_2024,0,7.7433815e-06,0
img_01518_2024,0,1.6401978e-05,0
img_01521_2024,0,0.00029632897,0
img_01530_2024,0,5.1606374e-05,0
img_01527_2024,0,5.8577502e-06,0
img_01526_2024,0,0.0017170395,0
img_01531_2024,0,0.0620218,0
img_01533_2024,0,0.00039852678,0
img_01532_2024,0,1.4176836e-05,0
img_01529_2024,0,0.002206385,0
img_01528_2024,0,1.5134959e-06,0
img_01537_2024,0,0.00032035506,0
img_01538_2024,0,1.1697252e-05,0
img_01536_2024,0,0.00018981115,0
img_01535_2024,0,0.00024186958,0
img_01539_2024,0,2.4358082e-05,0
img_01540_2024,0,1.3835934e-05,0
img_01541_2024,0,1.22204865e-05,0
img_01544_2024,0,0.00031553378,0
img_01543_2024,0,0.12470051,0
img_01542_2024,0,0.00023288548,0
img_01546_2024,0,0.001409057,0
img_01548_2024,0,0.00012773543,0
img_01549_2024,0,4.715534e-06,0
img_01555_2024,0,0.0012903473,0
img_01553_2024,0,0.00013759991,0
img_01552_2024,0,9.845206e-07,0
img_01551_2024,0,0.000129638,0
img_01554_2024,0,0.00011739806,0
img_01556_2024,0,3.458828e-06,0
img_01545_2024,0,3.1948846e-06,0
img_01534_p01_2024,0,2.5870393e-05,0
img_01534_p02_2024,0,2.0715692e-05,0
img_01550_2024,0,5.567683e-05,0
img_01559_2024,0,0.00011330177,0
img_01561_2024,0,0.00013997135,0
img_01558_2024,0,1.31431425e-05,0
img_01557_2024,0,0.00014039308,0
img_01562_2024,0,7.506798e-06,0
img_01564_2024,0,9.7715e-06,0
img_01560_2024,0,0.00088586565,0
img_01563_2024,0,1.1945853e-05,0
img_01569_2024,0,5.021425e-06,0
img_01568_2024,0,0.00028064358,0
img_01566_2024,0,3.3836495e-05,0
img_01567_2024,0,0.00014077875,0
img_01572_2024,0,2.474496e-05,0
img_01570_2024,0,7.994721e-06,0
img_01547_p01_2024,0,1.905576e-05,0
img_01547_p02_2024,0,4.207136e-05,0
img_01574_2024,0,2.2352255e-05,0
img_01571_2024,0,1.0445809e-05,0
img_01576_2024,0,5.6036124e-06,0
img_01579_2024,0,0.00028652116,0
img_01577_2024,0,1.3208318e-05,0
img_01565_2024,0,0.00015484367,0
img_01522_p01_2024,0,7.8654055e-05,0
img_01522_p02_2024,0,0.00021782669,0
img_01522_p03_2024,0,2.369916e-05,0
img_01522_p04_2024,0,3.2672567e-06,0
img_01580_2024,0,4.1726977e-05,0
img_01578_2024,0,3.9909182e-06,0
img_01582_2024,0,0.00023501569,0
img_01586_2024,0,0.0001769652,0
img_01584_2024,0,0.0015517422,0
img_01587_2024,0,0.00028537615,0
img_01583_2024,0,5.194963e-07,0
img_01585_2024,0,2.7907492e-05,0
img_01588_2024,0,6.918539e-06,0
img_01589_2024,0,4.078755e-06,0
img_01597_2024,0,1.4756708e-06,0
img_01595_2024,0,4.564485e-06,0
img_01591_2024,0,6.537201e-06,0
img_01594_2024,0,0.00017144512,0
img_01596_2024,0,3.1745417e-06,0
img_01581_2024,0,9.830458e-05,0
img_01592_2024,0,2.068253e-05,0
img_01598_2024,0,0.00014541805,0
img_01603_2024,0,0.00010535229,0
img_01599_2024,0,9.719733e-06,0
img_01602_2024,0,1.5491569e-05,0
img_01475_p01_2024,0,5.1323437e-05,0
img_01475_p02_2024,0,4.5624594e-05,0
img_01475_p03_2024,0,0.0002074378,0
img_01475_p04_2024,0,0.0038260934,0
img_01475_p05_2024,0,0.020376362,0
img_01475_p06_2024,0,0.00021182172,0
img_01475_p07_2024,0,2.9951472e-05,0
img_01605_2024,0,0.00021698904,0
img_01600_2024,0,9.193604e-06,0
img_01606_2024,0,2.153021e-06,0
img_01601_2024,0,9.607348e-06,0
img_01614_2024,0,8.889983e-05,0
img_01615_2024,0,6.4627043e-06,0
img_01610_2024,0,5.6039385e-06,0
img_01616_2024,0,0.0022133137,0
img_01609_2024,0,1.1424654e-05,0
img_01618_2024,0,0.00036072673,0
img_01617_2024,0,0.4025357,1
img_01613_2024,0,3.0586965e-05,0
img_01604_2024,0,7.866964e-06,0
img_01612_2024,0,2.172937e-05,0
img_01620_2024,0,0.00012556049,0
img_01621_2024,0,5.9214435e-06,0
img_01622_2024,0,6.7617715e-05,0
img_01619_2024,0,0.006094757,0
img_01623_2024,0,3.3087633e-06,0
img_01624_2024,0,2.457676e-05,0
img_01625_2024,0,4.8436228e-05,0
img_01628_2024,0,5.2132218e-05,0
img_01607_2024,0,5.8068026e-06,0
img_01629_2024,0,0.00053434185,0
img_01573_p01_2024,0,1.8498923e-06,0
img_01573_p02_2024,0,4.9233913e-06,0
img_01573_p03_2024,0,8.916855e-05,0
img_01573_p04_2024,0,6.4067365e-07,0
img_01631_2024,0,8.370223e-06,0
img_01611_2024,0,2.7155453e-05,0
img_01633_2024,0,6.793033e-05,0
img_01635_2024,0,2.3913793e-05,0
img_01630_2024,0,0.017334329,0
img_01608_p01_2024,0,0.0007358466,0
img_01608_p02_2024,0,3.9973474e-05,0
img_01627_2024,0,0.00014909019,0
img_01639_2024,0,0.0026972818,0
img_01626_2024,0,9.927441e-06,0
img_01637_2024,0,0.00015137457,0
img_01642_2024,0,0.00041493273,0
img_01636_2024,0,3.1742406e-05,0
img_01638_2024,0,0.00021232785,0
img_01632_2024,0,0.00012444957,0
img_01643_2024,0,9.542838e-05,0
img_01641_2024,0,0.00017590886,0
img_01646_2024,0,2.0062623e-06,0
img_01648_2024,0,7.259337e-06,0
img_01647_2024,0,2.1250346e-05,0
img_01644_2024,0,4.013692e-05,0
img_01645_2024,0,5.1430293e-06,0
img_01593_p01_2024,0,8.6683036e-07,0
img_01593_p02_2024,0,3.6260162e-06,0
img_01593_p03_2024,0,7.5055914e-07,0
img_01590_p01_2024,0,3.30831e-05,0
img_01590_p02_2024,0,8.542426e-06,0
img_01590_p03_2024,0,0.00013478671,0
img_01590_p04_2024,0,1.4122832e-05,0
img_01590_p05_2024,0,0.0003324768,0
img_01640_2024,0,1.7281125e-05,0
img_01649_2024,0,0.0021313357,0
img_01650_2024,0,8.8906534e-05,0
img_01654_2024,0,0.00017015966,0
img_01651_2024,0,4.4957005e-06,0
img_01653_2024,0,0.0017424154,0
img_01652_2024,0,1.791669e-05,0
img_01655_2024,0,1.8588868e-06,0
img_01656_2024,0,9.007628e-06,0
img_01658_2024,0,6.340139e-05,0
img_01659_2024,0,7.4541655e-05,0
img_01662_2024,0,0.005046994,0
img_01634_p01_2024,0,6.1330456e-06,0
img_01634_p02_2024,0,5.039987e-05,0
img_01657_2024,0,3.6354108e-05,0
img_01664_2024,0,7.2185474e-05,0
img_01663_2024,0,0.000116057374,0
img_01665_2024,0,1.4640555e-05,0
img_01667_2024,0,0.00026913534,0
img_01666_2024,0,2.1736146e-06,0
img_01671_2024,0,2.3472471e-06,0
img_01672_2024,0,2.040254e-06,0
img_01673_2024,0,0.0017472841,0
img_01668_2024,0,6.7894416e-06,0
img_01669_2024,0,0.06289875,0
img_01674_2024,0,9.222441e-06,0
img_01678_2024,0,3.394548e-05,0
img_01677_2024,0,0.112719156,0
img_01670_2024,0,0.0038267642,0
img_01679_2024,0,0.009315349,0
img_01676_2024,0,0.00012945123,0
img_01682_2024,0,8.345975e-06,0
img_01675_2024,0,3.268568e-05,0
img_01681_2024,0,6.229894e-06,0
img_01661_p01_2024,0,6.150204e-05,0
img_01661_p02_2024,0,1.34105585e-05,0
img_01680_2024,0,1.4718605e-06,0
img_01684_2024,0,3.9040006e-05,0
img_01685_2024,0,2.3539551e-05,0
img_01683_2024,0,0.0022395158,0
img_01660_p01_2024,0,5.393712e-05,0
img_01660_p02_2024,0,2.4670808e-05,0
img_01689_2024,0,1.4468569e-05,0
img_01688_2024,0,3.911399e-06,0
img_01687_2024,0,1.8926881e-05,0
img_01691_2024,0,2.4238307e-05,0
img_01690_2024,0,4.7762744e-05,0
img_01692_2024,0,0.00016862365,0
img_01694_2024,0,1.3039407e-05,0
img_01696_2024,0,0.00046117,0
img_01695_2024,0,0.00029307316,0
img_01703_2024,0,3.2266466e-06,0
img_01697_2024,0,1.38803525e-05,0
img_01701_2024,0,7.644557e-05,0
img_01699_2024,0,6.9352195e-06,0
img_01700_2024,0,2.8207676e-05,0
img_01704_2024,0,1.8264866e-05,0
img_01705_2024,0,6.482774e-05,0
img_01706_2024,0,6.6199515e-05,0
img_01707_2024,0,4.2052186e-05,0
img_01709_2024,0,0.0036686205,0
img_01712_2024,0,9.4161514e-05,0
img_01714_2024,0,3.1236716e-05,0
img_01715_2024,0,0.000108247565,0
img_01711_2024,0,0.0004167159,0
img_01708_2024,0,3.2123822e-05,0
img_01710_2024,0,2.1301252e-05,0
img_01720_2024,0,0.00047437407,0
img_01713_2024,0,7.853441e-06,0
img_01722_2024,0,2.165246e-05,0
img_01721_2024,0,6.267048e-06,0
img_01716_2024,0,3.8794282e-05,0
img_01726_2024,0,5.3354734e-06,0
img_01729_2024,0,0.0035422356,0
img_01724_2024,0,0.0074424176,0
img_01725_2024,0,1.8929685e-06,0
img_01730_2024,0,2.116652e-06,0
img_01731_2024,0,0.0001756727,0
img_01727_2024,0,3.4679636e-06,0
img_01732_2024,0,0.00015776041,0
img_01728_2024,0,9.75184e-06,0
img_01718_2024,0,0.00021781819,0
img_01733_2024,0,0.0002120343,0
img_01698_p01_2024,0,3.7890768e-05,0
img_01698_p02_2024,0,1.7697629e-06,0
img_01735_2024,0,1.7696395e-05,0
img_01734_2024,0,8.105308e-05,0
img_01737_2024,0,1.3655533e-05,0
img_01738_2024,0,0.005253217,0
img_01693_p01_2024,0,8.772883e-05,0
img_01693_p02_2024,0,8.011474e-05,0
img_01693_p03_2024,0,0.002875708,0
img_01723_2024,0,0.0003146926,0
img_01741_2024,0,0.0001474454,0
img_01740_2024,0,0.00014864815,0
img_01743_2024,0,0.0014892508,0
img_01744_2024,0,2.6868076e-06,0
img_01739_2024,0,1.00118405e-05,0
img_01746_2024,0,0.0019277711,0
img_01429_p01_2024,0,1.7010467e-05,0
img_01429_p02_2024,0,4.605355e-06,0
img_01429_p03_2024,0,9.634459e-06,0
img_01429_p04_2024,0,0.016478729,0
img_01429_p05_2024,0,0.00079380476,0
img_01429_p06_2024,0,1.4207178e-06,0
img_01429_p07_2024,0,2.7812607e-06,0
img_01429_p08_2024,0,0.00015180097,0
img_01429_p09_2024,0,1.1568642e-05,0
img_01429_p10_2024,0,0.00022396194,0
img_01429_p11_2024,0,2.8140614e-06,0
img_01429_p12_2024,0,1.0329561e-06,0
img_01429_p14_2024,0,2.37291e-05,0
img_01429_p15_2024,0,5.918523e-05,0
img_01429_p16_2024,0,3.0725757e-06,0
img_01429_p17_2024,0,9.181757e-06,0
img_01429_p18_2024,0,3.942732e-05,0
img_01429_p19_2024,0,2.811403e-05,0
img_01742_2024,0,1.4159541e-05,0
img_01745_2024,0,1.5883447e-06,0
img_01736_2024,0,7.3968226e-07,0
img_01749_2024,0,7.489456e-05,0
img_01748_2024,0,3.066601e-06,0
img_01747_2024,0,5.249515e-05,0
img_01719_2024,0,5.005973e-05,0
img_01751_2024,0,5.377888e-05,0
img_01753_2024,0,2.1254966e-05,0
img_01750_2024,0,4.323214e-06,0
img_01755_2024,0,7.351566e-05,0
img_01752_2024,0,2.9003175e-05,0
img_01756_2024,0,1.2257382e-06,0
img_01717_2024,0,9.998997e-06,0
img_01762_2024,0,3.865539e-05,0
img_01760_2024,0,1.5525156e-05,0
img_01759_2024,0,5.5147408e-05,0
img_01754_2024,0,5.53334e-06,0
img_01758_2024,0,7.644047e-05,0
img_01765_2024,0,1.7009153e-05,0
img_01764_2024,0,5.8412574e-05,0
img_01763_2024,0,6.604068e-05,0
img_01767_2024,0,0.0018190616,0
img_01769_2024,0,4.016383e-07,0
img_01766_2024,0,0.0001444224,0
img_01771_2024,0,1.009122e-05,0
img_01770_2024,0,0.026011871,0
img_01761_2024,0,4.3100777e-06,0
img_01768_2024,0,4.938303e-06,0
img_01702_p01_2024,0,0.009714346,0
img_01702_p02_2024,0,2.9396722e-05,0
img_01702_p03_2024,0,4.6264668e-05,0
img_01702_p04_2024,0,2.4888142e-05,0
img_01702_p05_2024,0,1.5815996e-05,0
img_01774_2024,0,2.818893e-05,0
img_01773_2024,0,3.2384567e-05,0
img_01775_2024,0,1.0089151e-05,0
img_01776_2024,0,3.035656e-06,0
img_01778_2024,0,0.00016797309,0
img_01757_p01_2024,0,1.2117515e-05,0
img_01757_p02_2024,0,1.4109098e-06,0
img_01777_2024,0,1.9101555e-05,0
img_01781_2024,0,2.1838289e-06,0
img_01784_2024,0,0.8043627,1
img_01779_2024,0,8.354151e-05,0
img_01780_2024,0,2.1014723e-06,0
img_01782_2024,0,3.311255e-05,0
img_01772_2024,0,0.0029000468,0
img_01783_2024,0,0.00197336,0
img_01575_p01_2024,0,4.1735137e-05,0
img_01575_p02_2024,0,2.6750244e-05,0
img_01575_p03_2024,0,6.44901e-05,0
img_01575_p04_2024,0,3.463059e-06,0
img_01575_p05_2024,0,1.955906e-05,0
img_01575_p06_2024,0,2.5505316e-05,0
img_01575_p07_2024,0,7.2452285e-06,0
img_01575_p08_2024,0,2.6608908e-05,0
img_01575_p09_2024,0,1.706179e-05,0
img_01575_p10_2024,0,1.8431814e-05,0
img_01575_p11_2024,0,3.3068582e-06,0
img_01575_p12_2024,0,8.819492e-06,0
img_01785_2024,0,8.581571e-06,0
img_01792_2024,0,7.29047e-07,0
img_01789_2024,0,4.2630986e-06,0
img_01790_2024,0,0.00014102933,0
img_01791_2024,0,0.0005978853,0
img_01794_2024,0,6.4659594e-06,0
img_01786_2024,0,0.4864721,1
img_01796_2024,0,0.002403667,0
img_01795_2024,0,0.0028954535,0
img_01787_2024,0,1.6840412e-06,0
img_01788_2024,0,1.0847198e-05,0
img_01800_2024,0,3.854095e-05,0
img_01798_2024,0,4.538208e-06,0
img_01801_2024,0,0.0075839283,0
img_01793_2024,0,7.119903e-05,0
img_01803_2024,0,0.0019632222,0
img_01797_2024,0,9.80937e-05,0
img_01802_2024,0,0.00042631003,0
img_01804_2024,0,0.002230508,0
img_01805_2024,0,4.7353537e-06,0
img_01810_2024,0,0.000116466574,0
img_01809_2024,0,9.525555e-05,0
img_01807_2024,0,1.2088936e-05,0
img_01811_2024,0,0.001014554,0
img_01799_2024,0,0.00010253268,0
img_01812_2024,0,6.753993e-05,0
img_01814_2024,0,0.0005642376,0
img_01813_2024,0,9.441579e-05,0
img_01816_2024,0,3.117122e-05,0
img_01818_2024,0,1.907636e-05,0
img_01808_2024,0,0.0005562858,0
img_01819_2024,0,0.00047694056,0
img_01815_2024,0,3.3940658e-05,0
img_01821_2024,0,0.015366604,0
img_01822_2024,0,5.9636885e-05,0
img_01817_2024,0,1.1413557e-05,0
img_01825_2024,0,0.00013961317,0
img_01820_2024,0,4.6230045e-05,0
img_01823_2024,0,6.767325e-05,0
img_01824_2024,0,3.794169e-07,0
img_01828_2024,0,1.952702e-05,0
img_01830_2024,0,1.2354646e-05,0
img_01837_2024,0,0.00034271844,0
img_01827_2024,0,0.0002923317,0
img_01832_2024,0,3.85885e-06,0
img_01829_2024,0,0.000121301404,0
img_01826_2024,0,0.019758899,0
img_01833_2024,0,0.00022358257,0
img_01836_2024,0,0.00044877888,0
img_01834_2024,0,0.060492944,0
img_01838_2024,0,7.499363e-06,0
img_01831_2024,0,9.6436204e-05,0
img_01842_2024,0,9.182352e-06,0
img_01843_2024,0,0.000113356895,0
img_01835_2024,0,1.2059722e-05,0
img_01846_2024,0,4.2956273e-07,0
img_01841_2024,0,8.264283e-05,0
img_01850_2024,0,6.0084614e-07,0
img_01851_2024,0,2.8984263e-05,0
img_01839_2024,0,3.1117665e-06,0
img_01848_2024,0,9.63334e-06,0
img_01845_2024,0,0.000108298984,0
img_01854_2024,0,0.004606772,0
img_01853_2024,0,0.000120301556,0
img_01847_2024,0,4.3412065e-06,0
img_01855_2024,0,4.035492e-05,0
img_01856_2024,0,6.3062816e-06,0
img_01857_2024,0,5.674561e-06,0
img_01858_2024,0,8.485942e-05,0
img_01862_2024,0,5.4753614e-06,0
img_01860_2024,0,8.019363e-06,0
img_01861_2024,0,0.00035339245,0
img_01806_p01_2024,0,0.0067518163,0
img_01806_p02_2024,0,0.00018623765,0
img_01806_p03_2024,0,6.765751e-05,0
img_01806_p04_2024,0,2.9805728e-05,0
img_01844_p01_2024,0,0.0033684592,0
img_01844_p02_2024,0,0.002575674,0
img_01859_2024,0,2.3578148e-05,0
img_01866_2024,0,0.026088377,0
img_01864_2024,0,2.5171521e-05,0
img_01863_2024,0,0.00016386123,0
img_01865_2024,0,3.299274e-05,0
img_01867_2024,0,5.688507e-05,0
img_01871_2024,0,3.1795305e-05,0
img_01868_2024,0,8.688318e-06,0
img_01870_2024,0,1.0376902e-05,0
img_01873_2024,0,3.872926e-05,0
img_01869_2024,0,0.0003181642,0
img_01876_2024,0,0.00021692574,0
img_01877_2024,0,5.9653653e-06,0
img_01883_2024,0,7.452693e-06,0
img_01880_2024,0,4.3892473e-05,0
img_01874_2024,0,3.050764e-05,0
img_01881_2024,0,0.03270878,0
img_01885_2024,0,0.0011249691,0
img_01882_2024,0,4.4148087e-06,0
img_01879_2024,0,8.827699e-05,0
img_01888_2024,0,0.00025792723,0
img_01872_2024,0,1.8039233e-06,0
img_01889_2024,0,6.367229e-05,0
img_01886_2024,0,0.0012160167,0
img_01878_2024,0,3.691962e-06,0
img_01884_2024,0,8.42178e-06,0
img_01890_2024,0,0.0015826885,0
img_01887_2024,0,9.121175e-05,0
img_01895_2024,0,2.273293e-05,0
img_01894_2024,0,5.2774844e-06,0
img_01892_2024,0,0.031580113,0
img_01896_2024,0,7.423001e-06,0
img_01897_2024,0,8.0195315e-07,0
img_01900_2024,0,0.0039086053,0
img_01902_2024,0,6.9362377e-06,0
img_01901_2024,0,3.770625e-05,0
img_01893_2024,0,1.0433963e-06,0
img_01898_2024,0,2.0001238e-05,0
img_01903_2024,0,2.054502e-05,0
img_01899_2024,0,0.00060531544,0
img_01904_2024,0,1.1333122e-05,0
img_01907_2024,0,1.6757967e-06,0
img_01905_2024,0,2.6921402e-05,0
img_01906_2024,0,1.1516125e-05,0
img_01852_p01_2024,0,3.3877063e-06,0
img_01852_p02_2024,0,6.4561726e-05,0
img_01852_p03_2024,0,9.458284e-06,0
img_01852_p04_2024,0,5.2533364e-06,0
img_01908_2024,0,0.000366243,0
img_01910_2024,0,1.5533184e-06,0
img_01912_2024,0,9.329443e-06,0
img_01918_2024,0,1.337772e-06,0
img_01915_2024,0,4.6586592e-06,0
img_01909_2024,0,6.339516e-07,0
img_01916_2024,0,0.07077006,0
img_01911_2024,0,1.0918697e-05,0
img_01917_2024,0,0.0021130485,0
img_01919_2024,0,1.5106235e-06,0
img_01913_2024,0,4.4188855e-05,0
img_01922_2024,0,3.2896445e-05,0
img_01921_2024,0,1.9640647e-05,0
img_01924_2024,0,1.5390684e-05,0
img_01914_2024,0,2.0584104e-05,0
img_01923_2024,0,1.19417855e-05,0
img_01925_2024,0,1.565625e-05,0
img_01930_2024,0,0.00052591437,0
img_01927_2024,0,0.00027041315,0
img_01891_p01_2024,0,0.00021841253,0
img_01891_p02_2024,0,9.282053e-06,0
img_01928_2024,0,1.40713555e-05,0
img_01933_2024,0,4.6481452e-07,0
img_01929_2024,0,0.000103510545,0
img_01931_2024,0,2.0441888e-05,0
img_01849_p01_2024,0,4.047343e-05,0
img_01849_p02_2024,0,8.508474e-06,0
img_01849_p03_2024,0,0.00011151934,0
img_01849_p04_2024,0,0.00016305436,0
img_01849_p05_2024,0,7.6170973e-06,0
img_01935_2024,0,1.3310475e-05,0
img_01920_2024,0,1.179789e-05,0
img_01932_2024,0,3.8087098e-06,0
img_01937_2024,0,0.0001222599,0
img_01940_2024,0,4.498359e-06,0
img_01939_2024,0,4.620889e-05,0
img_01945_2024,0,0.03231662,0
img_01936_2024,0,5.674264e-05,0
img_01934_2024,0,6.469546e-05,0
img_01944_2024,0,1.6554362e-05,0
img_01943_2024,0,1.9328649e-05,0
img_01946_2024,0,3.0207946e-06,0
img_01938_2024,0,3.1290976e-05,0
img_01942_2024,0,0.046381887,0
img_01948_2024,0,1.627209e-05,0
img_01947_2024,0,2.1693033e-05,0
img_01950_2024,0,1.5055543e-05,0
img_01951_2024,0,0.00017181646,0
img_01949_2024,0,6.974351e-07,0
img_01958_2024,0,4.7428653e-06,0
img_01954_2024,0,0.021099688,0
img_01952_2024,0,3.1284621e-06,0
img_01953_2024,0,6.1748804e-05,0
img_01959_2024,0,6.4188146e-07,0
img_01961_2024,0,6.5703425e-05,0
img_01956_2024,0,8.60645e-07,0
img_01955_2024,0,2.3117705e-05,0
img_01963_2024,0,3.0947238e-05,0
img_01967_2024,0,9.041169e-05,0
img_01957_2024,0,1.6112897e-05,0
img_01966_2024,0,2.5002852e-05,0
img_01968_2024,0,1.1962166e-05,0
img_01965_2024,0,9.8175864e-05,0
img_01964_2024,0,3.3258216e-06,0
img_01969_2024,0,0.00075601594,0
img_01972_2024,0,4.2728675e-06,0
img_01926_p01_2024,0,0.0004655196,0
img_01926_p02_2024,0,2.5466234e-05,0
img_01926_p03_2024,0,0.00091770035,0
img_01926_p04_2024,0,0.000100027566,0
img_01974_2024,0,0.00015762974,0
img_01970_2024,0,7.269507e-05,0
img_01960_2024,0,9.981657e-07,0
img_01962_2024,0,0.00016695194,0
img_01973_2024,0,5.599006e-05,0
img_01980_2024,0,4.1598923e-05,0
img_01976_2024,0,7.454556e-05,0
img_01979_2024,0,0.0008508425,0
img_01977_2024,0,0.00024451566,0
img_01982_2024,0,0.0001253955,0
img_01978_2024,0,3.2158492e-05,0
img_01981_2024,0,1.4604187e-05,0
img_01983_2024,0,6.809377e-05,0
img_01975_2024,0,8.459879e-06,0
img_01984_2024,0,1.6297121e-06,0
img_01989_2024,0,1.8184883e-05,0
img_01941_p01_2024,0,0.00019748043,0
img_01941_p02_2024,0,7.397995e-05,0
img_01941_p03_2024,0,0.00018535825,0
img_01985_2024,0,0.0019042704,0
img_01992_2024,0,0.00108819,0
img_01993_2024,0,0.0010796861,0
img_01991_2024,0,1.7336488e-05,0
img_01990_2024,0,0.00326856,0
img_01994_2024,0,1.00063235e-05,0
img_01986_2024,0,1.1548492e-05,0
img_01995_2024,0,5.4596567e-05,0
img_01997_2024,0,0.00010968133,0
img_02002_2024,0,1.4045694e-05,0
img_01996_2024,0,1.2678988e-05,0
img_02003_2024,0,1.510722e-05,0
img_01998_2024,0,0.0029215044,0
img_01999_2024,0,1.3945699e-05,0
img_02005_2024,0,4.259268e-05,0
img_02007_2024,0,8.385727e-05,0
img_02006_2024,0,0.0035439143,0
img_02000_2024,0,5.829574e-06,0
img_02010_2024,0,0.02201584,0
img_02011_2024,0,8.0534455e-06,0
img_02001_2024,0,0.00032679792,0
img_02013_2024,0,0.00024280374,0
img_02009_2024,0,3.6865637e-05,0
img_02008_2024,0,0.0018565234,0
img_02004_2024,0,1.2121941e-05,0
img_01988_p01_2024,0,2.0050604e-05,0
img_01988_p02_2024,0,0.00023289303,0
img_02015_2024,0,5.5999408e-05,0
img_02012_2024,0,0.0016907669,0
img_02016_2024,0,1.04468645e-05,0
img_02020_2024,0,9.116227e-05,0
img_02014_2024,0,1.2819574e-05,0
img_02019_2024,0,0.004835414,0
img_02018_2024,0,0.0015080422,0
img_02017_2024,0,0.0008090217,0
img_02025_2024,0,0.0007010671,0
img_02026_2024,0,0.0005918753,0
img_02028_2024,0,8.6312604e-05,0
img_02023_2024,0,1.2966729e-05,0
img_02021_2024,0,0.00019124431,0
img_02027_2024,0,1.5940793e-06,0
img_02031_2024,0,0.0035822236,0
img_02030_2024,0,1.6144584e-05,0
img_02029_2024,0,9.400534e-06,0
img_02032_2024,0,4.0409144e-05,0
img_02033_2024,0,2.8070308e-06,0
img_02036_2024,0,0.00018289652,0
img_02035_2024,0,5.1873652e-05,0
img_02038_2024,0,0.9920477,1
img_02037_2024,0,6.0312097e-05,0
img_02040_2024,0,1.3911003e-05,0
img_02041_2024,0,1.2772751e-05,0
img_02042_2024,0,0.002522475,0
img_02045_2024,0,9.132182e-06,0
img_02034_2024,0,3.1114043e-06,0
img_02043_2024,0,1.6308364e-05,0
img_02044_2024,0,0.003016016,0
img_01971_p01_2024,0,2.3723556e-05,0
img_01971_p02_2024,0,7.9785685e-05,0
img_01971_p03_2024,0,5.0832063e-05,0
img_01971_p04_2024,0,7.728992e-05,0
img_02048_2024,0,4.468937e-06,0
img_02039_2024,0,4.6235828e-06,0
img_02049_2024,0,0.003310169,0
img_02052_2024,0,7.249735e-05,0
img_02051_2024,0,1.641816e-05,0
img_02050_2024,0,1.4266281e-05,0
img_02047_2024,0,0.00019102234,0
img_02053_2024,0,1.4718319e-05,0
img_02058_2024,0,0.000118476884,0
img_02055_2024,0,0.004606145,0
img_02056_2024,0,0.009563572,0
img_02054_2024,0,2.0885114e-05,0
img_02059_2024,0,0.00011980289,0
img_02060_2024,0,0.00013328815,0
img_02066_2024,0,1.557984e-05,0
img_02064_2024,0,0.9979158,1
img_02062_2024,0,6.8197924e-06,0
img_02061_2024,0,0.0006890377,0
img_02046_2024,0,5.194865e-05,0
img_02063_2024,0,3.066591e-05,0
img_02067_2024,0,3.6947607e-05,0
img_02069_2024,0,0.072272904,0
img_02072_2024,0,6.7127825e-05,0
img_02071_2024,0,1.4912591e-05,0
img_02068_2024,0,7.113775e-05,0
img_02073_2024,0,0.00020260217,0
img_02070_2024,0,0.0007047699,0
img_02074_2024,0,4.4316103e-06,0
img_02076_2024,0,1.6274977e-05,0
img_02079_2024,0,0.0025058542,0
img_02078_2024,0,2.546639e-06,0
img_02075_2024,0,3.8024737e-05,0
img_01987_p01_2024,0,1.4138706e-05,0
img_01987_p02_2024,0,2.5767125e-05,0
img_01987_p03_2024,0,1.2510773e-05,0
img_01987_p04_2024,0,3.4805078e-06,0
img_02077_2024,0,2.557217e-05,0
img_02080_2024,0,0.00037116228,0
img_02083_2024,0,3.5446726e-06,0
img_02081_2024,0,4.228615e-05,0
img_02085_2024,0,1.7432478e-05,0
img_02086_2024,0,4.400626e-05,0
img_02087_2024,0,0.00013337168,0
img_02090_2024,0,1.4802404e-06,0
img_02057_p01_2024,0,6.695781e-06,0
img_02057_p02_2024,0,3.1623463e-06,0
img_02057_p03_2024,0,6.369865e-05,0
img_02089_2024,0,1.1440354e-05,0
img_02094_2024,0,4.218036e-06,0
img_02091_2024,0,0.0035124428,0
img_02096_2024,0,6.674665e-06,0
img_02092_2024,0,0.0033371034,0
img_02097_2024,0,0.0001868996,0
img_02095_2024,0,0.00023238928,0
img_02099_2024,0,0.0009128872,0
img_02098_2024,0,0.00025174516,0
img_02093_2024,0,7.3196647e-06,0
img_02102_2024,0,5.9886956e-06,0
img_02082_p01_2024,0,0.00019336522,0
img_02082_p02_2024,0,3.501068e-06,0
img_02105_2024,0,9.303118e-06,0
img_02104_2024,0,0.00054786506,0
img_02100_2024,0,6.489572e-05,0
img_02101_2024,0,4.592399e-06,0
img_02084_p01_2024,0,1.1155802e-05,0
img_02084_p02_2024,0,1.795223e-05,0
img_02107_2024,0,0.00039146218,0
img_02110_2024,0,0.0005089083,0
img_02022_p01_2024,0,0.00014583004,0
img_02022_p02_2024,0,2.3933665e-06,0
img_02022_p03_2024,0,4.5603716e-05,0
img_02022_p04_2024,0,0.0002987341,0
img_02022_p05_2024,0,4.8953516e-06,0
img_02022_p06_2024,0,4.2302203e-05,0
img_02111_2024,0,0.013819525,0
img_02109_2024,0,0.0001214879,0
img_02115_2024,0,3.5850768e-05,0
img_02116_2024,0,3.77229e-05,0
img_02108_2024,0,2.4024243e-05,0
img_02088_p01_2024,0,5.8950463e-06,0
img_02088_p02_2024,0,3.2386638e-06,0
img_02113_2024,0,1.2130719e-05,0
img_02117_2024,0,3.7783782e-05,0
img_02114_2024,0,5.7193397e-06,0
img_02119_2024,0,0.0015555212,0
img_02118_2024,0,0.02313899,0
img_02106_p01_2024,0,1.4982252e-05,0
img_02106_p02_2024,0,0.00032145646,0
img_02112_2024,0,6.413023e-06,0
img_02120_2024,0,7.0358046e-06,0
img_02123_2024,0,1.23511945e-05,0
img_02122_2024,0,1.6414795e-05,0
img_02121_2024,0,6.2844465e-06,0
img_02128_2024,0,4.110509e-05,0
img_02129_2024,0,1.7207301e-05,0
img_02125_2024,0,0.0002041461,0
img_02103_p01_2024,0,7.683149e-07,0
img_02103_p02_2024,0,5.365609e-05,0
img_02127_2024,0,1.4476009e-06,0
img_02124_2024,0,2.885144e-06,0
img_02131_2024,0,1.2664623e-06,0
img_02134_2024,0,2.6530704e-06,0
img_02130_2024,0,2.9999546e-06,0
img_02065_p01_2024,0,5.8359874e-06,0
img_02065_p02_2024,0,9.632233e-05,0
img_02065_p03_2024,0,9.625182e-05,0
img_02065_p04_2024,0,0.00012890014,0
img_02065_p05_2024,0,5.394825e-06,0
img_02133_2024,0,2.3046101e-05,0
img_02135_2024,0,0.021590183,0
img_02132_2024,0,4.535745e-07,0
img_02137_2024,0,0.00022327177,0
img_02138_2024,0,2.1917509e-05,0
img_02136_2024,0,0.0010219465,0
img_02139_2024,0,0.00017019715,0
img_02141_2024,0,1.1515875e-06,0
img_02126_p01_2024,0,0.0009478493,0
img_02126_p02_2024,0,0.000356344,0
img_02143_2024,0,4.2662386e-06,0
img_02142_2024,0,0.00014800645,0
img_02146_2024,0,0.00024992976,0
img_02145_2024,0,0.099780135,0
img_02140_2024,0,0.026920872,0
img_02148_2024,0,0.01735159,0
img_02147_2024,0,3.455722e-06,0
img_02150_2024,0,2.872929e-06,0
img_02151_2024,0,8.551285e-05,0
img_02149_2024,0,2.526688e-05,0
img_02157_2024,0,7.924794e-07,0
img_02144_2024,0,1.5438387e-05,0
img_02161_2024,0,1.5641235e-05,0
img_02153_2024,0,5.7970465e-05,0
img_02156_2024,0,1.4506924e-06,0
img_02158_2024,0,2.6818621e-05,0
img_02159_2024,0,0.08976964,0
img_02152_2024,0,7.5818025e-05,0
img_02160_2024,0,4.574715e-05,0
img_02163_2024,0,7.513234e-05,0
img_02162_2024,0,4.4681865e-06,0
img_02164_2024,0,4.317642e-05,0
img_02155_2024,0,1.6154703e-05,0
img_02167_2024,0,0.00053981214,0
img_02165_2024,0,4.3072505e-06,0
img_02154_2024,0,1.3374082e-05,0
img_02170_2024,0,1.220921e-06,0
img_02169_2024,0,0.0006120472,0
img_02171_2024,0,1.1408725e-05,0
img_02173_2024,0,6.3716936e-05,0
img_02176_2024,0,0.0018629275,0
img_02174_2024,0,4.5301913e-06,0
img_02180_2024,0,6.429723e-06,0
img_02179_2024,0,0.009877822,0
img_02178_2024,0,4.375885e-06,0
img_02168_2024,0,4.261608e-05,0
img_02177_2024,0,2.3224177e-06,0
img_02181_2024,0,3.0693045e-06,0
img_02183_2024,0,0.000720724,0
img_02175_2024,0,2.0439934e-06,0
img_02185_2024,0,5.5602173e-05,0
img_02182_2024,0,3.9882358e-05,0
img_02186_2024,0,0.0005420602,0
img_02166_p01_2024,0,3.0676998e-05,0
img_02166_p02_2024,0,2.355709e-05,0
img_02184_2024,0,1.1526182e-06,0
img_02189_2024,0,5.769064e-06,0
img_02192_2024,0,0.0002128224,0
img_02191_2024,0,0.00028858308,0
img_02193_2024,0,3.5419694e-06,0
img_02194_2024,0,0.0003779601,0
img_02195_2024,0,3.1070816e-05,0
img_02197_2024,0,0.9712605,1
img_02187_2024,0,3.0434965e-05,0
img_02196_2024,0,9.440143e-06,0
img_02172_p01_2024,0,7.89432e-06,0
img_02172_p02_2024,0,5.113714e-06,0
img_02188_2024,0,8.5326116e-07,0
img_02199_2024,0,3.5859863e-05,0
img_02203_2024,0,0.0027937258,0
img_02198_2024,0,9.918006e-05,0
img_02190_2024,0,0.0001386278,0
img_02200_2024,0,8.8827466e-05,0
img_02201_2024,0,1.0738374e-05,0
img_02204_2024,0,0.0001503664,0
img_02024_p01_2024,0,2.223423e-06,0
img_02024_p02_2024,0,0.0029701455,0
img_02024_p03_2024,0,0.00052017457,0
img_02024_p04_2024,0,3.585969e-05,0
img_02024_p05_2024,0,4.1498755e-05,0
img_02024_p06_2024,0,0.00059972133,0
img_02024_p07_2024,0,0.005017647,0
img_02024_p08_2024,0,0.0009455074,0
img_02206_2024,0,0.00037439298,0
img_02207_2024,0,8.8856295e-06,0
img_02205_2024,0,1.5711834e-06,0
img_02209_2024,0,0.00011109637,0
img_02211_2024,0,0.0014856629,0
img_02202_2024,0,0.8735881,1
img_02208_2024,0,0.0006233568,0
img_02212_2024,0,0.00035003343,0
img_02213_2024,0,0.009736642,0
img_02214_2024,0,1.5317062e-05,0
img_02210_2024,0,3.154394e-05,0
img_02216_2024,0,9.767419e-06,0
img_02215_2024,0,5.9609763e-05,0
img_02218_2024,0,3.7741218e-05,0
img_02219_2024,0,1.8241124e-05,0
img_02220_2024,0,2.3403961e-06,0
img_02221_2024,0,5.7903894e-06,0
img_02223_2024,0,2.4406423e-05,0
img_02224_2024,0,8.964779e-07,0
img_02222_2024,0,0.00032542748,0
img_02227_2024,0,0.0013502976,0
img_02217_2024,0,2.828245e-05,0
img_02228_2024,0,0.0014067589,0
img_02229_2024,0,3.8248912e-05,0
img_02225_2024,0,0.00040370083,0
img_02230_2024,0,2.6822172e-06,0
img_02226_2024,0,5.9006084e-06,0
img_02232_2024,0,1.6817825e-05,0
img_02233_2024,0,4.1575484e-05,0
img_02235_2024,0,2.8656775e-06,0
img_02237_2024,0,0.00089553493,0
img_02231_2024,0,7.5377307e-06,0
img_02242_2024,0,0.09015554,0
img_02241_2024,0,6.500318e-05,0
img_02244_2024,0,9.111247e-05,0
img_02245_2024,0,7.555949e-05,0
img_02239_2024,0,0.00021573107,0
img_02238_2024,0,3.909522e-05,0
img_02236_2024,0,0.00011182378,0
img_02243_2024,0,1.4811427e-06,0
img_02250_2024,0,0.0003591474,0
img_02246_2024,0,0.00014493907,0
img_02248_2024,0,3.4852876e-06,0
img_02251_2024,0,5.948688e-05,0
img_02247_2024,0,4.0938008e-05,0
img_02252_2024,0,1.0397794e-05,0
img_02254_2024,0,0.00020353738,0
img_02253_2024,0,3.8867234e-05,0
img_02249_2024,0,2.073894e-06,0
img_02256_2024,0,0.000720232,0
img_02258_2024,0,0.49897137,1
img_02257_2024,0,0.0088584805,0
img_02255_2024,0,6.1798037e-06,0
img_02259_2024,0,3.1555319e-06,0
img_02260_2024,0,3.8398426e-05,0
img_02263_2024,0,0.0001603211,0
img_02262_2024,0,7.4512645e-06,0
img_02264_2024,0,2.158012e-06,0
img_02261_2024,0,0.0006864661,0
img_02268_2024,0,1.654759e-05,0
img_02271_2024,0,4.9611967e-06,0
img_02265_2024,0,1.731007e-05,0
img_02269_2024,0,2.744106e-05,0
img_02270_2024,0,5.8642574e-05,0
img_02267_2024,0,0.00011602727,0
img_02275_2024,0,3.3699034e-06,0
img_02273_2024,0,1.16537385e-05,0
img_02274_2024,0,0.0019714583,0
img_02276_2024,0,5.968633e-05,0
img_02277_2024,0,2.2145605e-06,0
img_02272_2024,0,0.0015688176,0
img_02278_2024,0,5.308057e-06,0
img_02280_2024,0,1.8642359e-06,0
img_02279_2024,0,0.00016598243,0
img_02281_2024,0,8.318601e-05,0
img_02234_p01_2024,0,2.5063322e-05,0
img_02234_p02_2024,0,7.2164657e-06,0
img_02234_p03_2024,0,3.1950033e-06,0
img_02234_p04_2024,0,2.9306202e-06,0
img_02284_2024,0,0.00010499495,0
img_02282_2024,0,3.6553967e-05,0
img_02285_2024,0,0.0016711806,0
img_02286_2024,0,1.2707955e-05,0
img_02288_2024,0,3.870386e-05,0
img_02289_2024,0,7.33332e-07,0
img_02292_2024,0,1.6106154e-05,0
img_02290_2024,0,1.5543869e-06,0
img_02291_2024,0,4.959352e-06,0
img_02294_2024,0,0.0012579664,0
img_02293_2024,0,0.5408452,1
img_02295_2024,0,0.0005676951,0
img_02266_p01_2024,0,3.6668519e-06,0
img_02266_p02_2024,0,2.592826e-06,0
img_02283_2024,0,1.1624103e-05,0
img_02240_p01_2024,0,2.4248571e-05,0
img_02240_p02_2024,0,1.0431712e-05,0
img_02240_p03_2024,0,6.163353e-06,0
img_02240_p04_2024,0,1.3138793e-05,0
img_02297_2024,0,4.407195e-06,0
img_02296_2024,0,6.5948657e-06,0
img_02298_2024,0,0.00021825226,0
img_02299_2024,0,4.2404445e-06,0
img_02300_2024,0,1.6676629e-06,0
img_02287_p01_2024,0,2.2607533e-06,0
img_02287_p02_2024,0,7.027162e-05,0
img_02301_2024,0,6.133962e-05,0
img_02302_2024,0,0.0001441544,0
img_02306_2024,0,2.3509736e-05,0
img_02308_2024,0,0.0056357537,0
img_02303_2024,0,4.0235814e-06,0
img_01686_p01_2024,0,0.00038631156,0
img_01686_p02_2024,0,0.014181643,0
img_01686_p03_2024,0,0.29022163,1
img_01686_p04_2024,0,0.00064689683,0
img_01686_p05_2024,0,0.11494595,0
img_01686_p06_2024,0,0.0021297461,0
img_01686_p07_2024,0,0.014667402,0
img_01686_p08_2024,0,0.0006406438,0
img_01686_p09_2024,0,9.134559e-06,0
img_01686_p10_2024,0,0.00029333256,0
img_01686_p11_2024,0,0.0020524608,0
img_01686_p12_2024,0,0.46105894,1
img_01686_p13_2024,0,0.0022751875,0
img_01686_p14_2024,0,0.0060718018,0
img_01686_p15_2024,0,5.9221642e-05,0
img_01686_p16_2024,0,2.4600678e-05,0
img_01686_p17_2024,0,2.67442e-05,0
img_01686_p18_2024,0,8.180354e-06,0
img_01686_p19_2024,0,0.052228853,0
img_01686_p20_2024,0,2.9742807e-05,0
img_01686_p21_2024,0,1.0823782e-05,0
img_01686_p22_2024,0,0.0006821273,0
img_01686_p23_2024,0,1.5234071e-05,0
img_01686_p25_2024,0,7.893235e-07,0
img_01686_p26_2024,0,8.359008e-06,0
img_01686_p27_2024,0,1.0668565e-05,0
img_01686_p28_2024,0,1.7430216e-06,0
img_01686_p29_2024,0,1.4227066e-07,0
img_01686_p30_2024,0,1.869618e-06,0
img_01686_p31_2024,0,5.122925e-06,0
img_01686_p32_2024,0,7.975889e-06,0
img_01686_p33_2024,0,3.3994058e-06,0
img_02307_2024,0,0.0003618185,0
img_02311_2024,0,0.00020698042,0
img_02305_2024,0,0.0036779777,0
img_02309_2024,0,0.0009697579,0
img_02312_2024,0,0.0002499445,0
img_02316_2024,0,0.0006630563,0
img_02310_2024,0,0.00021889558,0
img_02317_2024,0,3.1297423e-05,0
img_01875_p01_2024,0,2.0740124e-05,0
img_01875_p02_2024,0,6.5675886e-06,0
img_01875_p03_2024,0,5.763895e-05,0
img_01875_p04_2024,0,5.5959903e-05,0
img_01875_p05_2024,0,0.00013504169,0
img_01875_p06_2024,0,2.9157949e-05,0
img_01875_p07_2024,0,0.056194577,0
img_01875_p08_2024,0,1.2060043e-06,0
img_01875_p09_2024,0,3.943589e-05,0
img_01875_p10_2024,0,0.0009612139,0
img_01875_p11_2024,0,2.6100157e-05,0
img_01875_p12_2024,0,7.23606e-05,0
img_01875_p13_2024,0,0.00053323014,0
img_01875_p14_2024,0,0.00069014175,0
img_01875_p15_2024,0,1.4256027e-05,0
img_01875_p16_2024,0,1.908939e-05,0
img_01875_p17_2024,0,0.00022233196,0
img_01875_p18_2024,0,1.6652644e-05,0
img_01875_p19_2024,0,9.955049e-06,0
img_01875_p20_2024,0,4.9351956e-06,0
img_01875_p21_2024,0,1.8480074e-06,0
img_01875_p22_2024,0,9.872616e-06,0
img_01875_p23_2024,0,7.0044064e-07,0
img_01875_p24_2024,0,2.124233e-06,0
img_01875_p25_2024,0,8.93715e-05,0
img_02315_2024,0,1.5859117e-05,0
img_02314_2024,0,3.4154215e-07,0
img_02319_2024,0,9.003463e-06,0
img_02321_2024,0,7.83509e-06,0
img_02318_2024,0,2.8844379e-05,0
img_02323_2024,0,0.00029631285,0
img_02304_p01_2024,0,2.5678499e-05,0
img_02304_p02_2024,0,7.207879e-05,0
img_02325_2024,0,2.7091977e-05,0
img_02328_2024,0,2.7216716e-05,0
img_02322_2024,0,1.6017711e-05,0
img_02329_2024,0,6.871915e-05,0
img_02324_2024,0,0.0014681512,0
img_02327_2024,0,7.197613e-06,0
img_02326_2024,0,5.869986e-06,0
img_02313_2024,0,1.3627952e-05,0
img_02332_2024,0,3.1405718e-06,0
img_02333_2024,0,0.00058627065,0
img_02331_2024,0,0.0003387026,0
img_02334_2024,0,8.335038e-05,0
img_02337_2024,0,3.8020095e-05,0
img_02336_2024,0,4.3181695e-05,0
img_02330_2024,0,6.9578484e-05,0
img_02340_2024,0,0.02320557,0
img_02335_2024,0,5.3282543e-05,0
img_02339_2024,0,8.004494e-05,0
img_02320_p01_2024,0,1.0822255e-05,0
img_02320_p02_2024,0,2.5735294e-06,0
img_02342_2024,0,2.522343e-06,0
img_02348_2024,0,0.00043038573,0
img_02347_2024,0,0.000108824766,0
img_02345_2024,0,3.23691e-05,0
img_02343_2024,0,0.000107388056,0
img_02341_2024,0,5.007017e-06,0
img_02346_2024,0,3.7967789e-06,0
img_02338_2024,0,1.483667e-05,0
img_02349_2024,0,2.0125922e-06,0
img_02344_2024,0,3.0603896e-06,0
img_02350_2024,0,0.00022743466,0
img_02353_2024,0,2.8946806e-05,0
img_02355_2024,0,0.0010332853,0
img_02352_2024,0,8.252449e-06,0
img_02358_2024,0,4.7335116e-06,0
img_02357_2024,0,0.00019952793,0
img_02354_2024,0,0.001548885,0
img_02360_2024,0,1.3674025e-05,0
img_02356_2024,0,0.00014546714,0
img_02366_2024,0,0.00017541142,0
img_02361_2024,0,2.8671386e-05,0
img_02362_2024,0,0.022373755,0
img_02368_2024,0,2.375276e-05,0
img_02364_2024,0,8.473978e-06,0
img_02365_2024,0,6.972254e-05,0
img_02376_2024,0,0.9983125,1
img_02370_2024,0,1.1953051e-06,0
img_02369_2024,0,0.00021219994,0
img_02375_2024,0,1.47840865e-05,0
img_02373_2024,0,3.2402637e-05,0
img_02372_2024,0,1.269985e-05,0
img_02351_p01_2024,0,9.1376876e-07,0
img_02351_p02_2024,0,7.0526394e-06,0
img_02384_2024,0,0.0016841454,0
img_02371_2024,0,1.146495e-05,0
img_02380_2024,0,2.423041e-06,0
img_02377_2024,0,3.5473648e-05,0
img_02379_2024,0,0.0009303497,0
img_02387_2024,0,5.1950236e-05,0
img_02389_2024,0,5.2848864e-05,0
img_02363_2024,0,0.008007754,0
img_02385_2024,0,3.7918287e-06,0
img_02381_2024,0,5.624396e-06,0
img_02383_2024,0,2.8174256e-05,0
img_02367_2024,0,0.009550528,0
img_02374_2024,0,5.711709e-06,0
img_02378_p01_2024,0,3.3213244e-05,0
img_02378_p02_2024,0,6.090463e-05,0
img_02390_2024,0,0.000101876,0
img_02391_2024,0,6.062739e-06,0
img_02394_2024,0,9.165572e-06,0
img_02392_2024,0,0.003244281,0
img_02382_2024,0,2.1095415e-05,0
img_02396_2024,0,0.00038235006,0
img_02398_2024,0,8.176539e-06,0
img_02397_2024,0,0.00012584553,0
img_02393_2024,0,1.3964769e-05,0
img_02359_2024,0,8.701166e-05,0
img_02400_2024,0,1.5627042e-05,0
img_02386_2024,0,0.00010896224,0
img_02403_2024,0,0.00010329963,0
img_02404_2024,0,1.3176061e-05,0
img_02388_p01_2024,0,2.0362097e-05,0
img_02388_p02_2024,0,2.563122e-06,0
img_02401_2024,0,0.0074490285,0
img_02395_2024,0,1.0744536e-06,0
img_02411_2024,0,4.4807202e-05,0
img_02402_2024,0,8.855843e-05,0
img_02409_2024,0,5.4913617e-05,0
img_02405_2024,0,0.00034617656,0
img_02413_2024,0,7.849206e-05,0
img_02414_2024,0,4.0585705e-06,0
img_02417_2024,0,1.1954137e-05,0
img_02406_2024,0,6.5123924e-05,0
img_02407_2024,0,1.7738266e-06,0
img_02412_2024,0,0.00021768654,0
img_02420_2024,0,2.7763246e-05,0
img_02418_2024,0,0.00029859346,0
img_02416_2024,0,2.3420136e-05,0
img_02410_2024,0,0.0028053215,0
img_02419_2024,0,3.5201825e-05,0
img_02423_2024,0,0.00019811619,0
img_02424_2024,0,3.5808636e-05,0
img_02415_2024,0,0.00037308325,0
img_02428_2024,0,1.3795227e-06,0
img_02422_2024,0,0.00010833007,0
img_02430_2024,0,2.3299772e-05,0
img_02426_2024,0,5.0770122e-06,0
img_02435_2024,0,0.00049932464,0
img_02433_2024,0,2.106257e-05,0
img_02431_2024,0,2.6360633e-05,0
img_02434_2024,0,4.94465e-05,0
img_02437_2024,0,6.242591e-06,0
img_02438_2024,0,4.269691e-05,0
img_02432_2024,0,4.8708822e-05,0
img_02408_p01_2024,0,0.023336828,0
img_02408_p02_2024,0,0.00012734017,0
img_02439_2024,0,2.4369816e-05,0
img_02429_2024,0,7.1572076e-06,0
img_02441_2024,0,1.1263055e-05,0
img_02443_2024,0,9.99853e-06,0
img_02448_2024,0,1.3105343e-05,0
img_02447_2024,0,0.0045177033,0
img_02442_2024,0,1.6711252e-05,0
img_02436_2024,0,0.00026975447,0
img_02421_p01_2024,0,1.714466e-06,0
img_02421_p02_2024,0,3.8079656e-06,0
img_02440_2024,0,3.2259973e-06,0
img_02445_2024,0,6.5073814e-06,0
img_02451_2024,0,0.00017193577,0
img_02444_2024,0,2.632193e-06,0
img_02446_2024,0,3.4009343e-05,0
img_02449_2024,0,3.3352997e-05,0
img_02427_p01_2024,0,5.792195e-06,0
img_02427_p02_2024,0,1.3227591e-05,0
img_02450_2024,0,0.009760818,0
img_02452_2024,0,0.0002277656,0
img_02453_2024,0,1.5462949e-05,0
img_02456_2024,0,1.6780102e-06,0
img_02459_2024,0,3.2394885e-06,0
img_02465_2024,0,6.735302e-06,0
img_02460_2024,0,5.349995e-06,0
img_02467_2024,0,1.1440652e-06,0
img_02461_2024,0,7.1000068e-06,0
img_02462_2024,0,2.5059167e-06,0
img_02454_2024,0,0.00023807796,0
img_02464_2024,0,9.3943254e-07,0
img_02468_2024,0,6.209874e-05,0
img_02463_2024,0,1.9765335e-05,0
img_02469_2024,0,4.1283554e-05,0
img_02455_2024,0,6.0849297e-06,0
img_02470_2024,0,3.74235e-05,0
img_02457_2024,0,6.474364e-06,0
img_02466_2024,0,1.3100632e-05,0
img_02474_2024,0,2.4133114e-06,0
img_02475_2024,0,1.2792634e-05,0
img_02480_2024,0,1.5737818e-05,0
img_02472_2024,0,5.3947922e-05,0
img_02476_2024,0,0.0003170457,0
img_02479_2024,0,0.00036114978,0
img_02481_2024,0,2.0082418e-06,0
img_02477_2024,0,0.0010692796,0
img_02473_2024,0,3.3310305e-06,0
img_02478_2024,0,0.00041005836,0
img_02483_2024,0,1.766557e-05,0
img_02487_2024,0,2.1419788e-05,0
img_02484_2024,0,1.2510152e-05,0
img_02485_2024,0,8.478573e-05,0
img_02482_2024,0,2.6663547e-05,0
img_02486_2024,0,0.00065652234,0
img_02488_2024,0,0.0029083232,0
img_02493_2024,0,0.11188076,0
img_02489_2024,0,1.0938655e-05,0
img_02490_2024,0,0.00022357405,0
img_02495_2024,0,0.029676942,0
img_02491_2024,0,1.0687873e-05,0
img_02496_2024,0,0.0001045395,0
img_02497_2024,0,2.2207498e-05,0
img_02471_p01_2024,0,0.35874337,1
img_02471_p02_2024,0,8.728673e-06,0
img_02492_2024,0,6.679928e-05,0
img_02502_2024,0,0.00048545882,0
img_02499_2024,0,0.12360485,0
img_02504_2024,0,0.00021533752,0
img_02494_2024,0,0.0058733625,0
img_02506_2024,0,0.0004170185,0
img_02509_2024,0,0.00010520109,0
img_02503_2024,0,8.487836e-05,0
img_02505_2024,0,3.7565158e-06,0
img_02511_2024,0,4.058253e-06,0
img_02510_2024,0,4.7890614e-07,0
img_02507_2024,0,8.014782e-05,0
img_02514_2024,0,1.707369e-05,0
img_02425_p01_2024,0,0.00056544325,0
img_02425_p02_2024,0,4.029856e-06,0
img_02425_p03_2024,0,3.7720274e-05,0
img_02425_p04_2024,0,1.8742954e-06,0
img_02508_2024,0,6.195258e-06,0
img_02513_2024,0,0.00016356481,0
img_02512_2024,0,0.0002597985,0
img_02500_2024,0,0.00018277274,0
img_02515_2024,0,0.00026374176,0
img_02520_2024,0,5.8271537e-05,0
img_02517_2024,0,0.0010627483,0
img_02521_2024,0,2.4976804e-05,0
img_02519_2024,0,9.119101e-06,0
img_02518_2024,0,3.369051e-05,0
img_02522_2024,0,2.329274e-06,0
img_02516_2024,0,2.8587976e-05,0
img_02525_2024,0,1.5270216e-05,0
img_02524_2024,0,4.425208e-06,0
img_02528_2024,0,2.0527293e-06,0
img_02498_2024,0,7.1372574e-06,0
img_02523_2024,0,3.004149e-06,0
img_02527_2024,0,0.00020075633,0
img_02526_2024,0,7.60639e-06,0
img_02530_2024,0,1.4357549e-05,0
img_02533_2024,0,0.0003011034,0
img_02536_2024,0,4.931587e-06,0
img_02501_2024,0,1.8645254e-05,0
img_02534_2024,0,3.0111216e-06,0
img_02531_2024,0,0.00043930698,0
img_02535_2024,0,0.0011005339,0
img_02539_2024,0,8.01762e-06,0
img_02532_2024,0,7.198718e-06,0
img_02543_2024,0,0.0001199117,0
img_02399_p01_2024,0,9.105744e-06,0
img_02399_p02_2024,0,5.7249472e-05,0
img_02399_p03_2024,0,0.00040633033,0
img_02399_p04_2024,0,2.5186479e-05,0
img_02399_p05_2024,0,0.0007409733,0
img_02399_p06_2024,0,3.007102e-05,0
img_02537_2024,0,1.7117283e-05,0
img_02538_2024,0,3.565629e-06,0
img_02540_2024,0,1.0331174e-05,0
img_02541_2024,0,6.7528206e-05,0
img_02542_2024,0,6.452289e-05,0
img_02546_2024,0,3.1647508e-06,0
img_02545_2024,0,0.00031148264,0
img_02549_2024,0,1.5120548e-06,0
img_02552_2024,0,4.820146e-05,0
img_02554_2024,0,0.00034482856,0
img_02557_2024,0,1.7673523e-05,0
img_02553_2024,0,3.620392e-05,0
img_02551_2024,0,3.838403e-06,0
img_02556_2024,0,0.00014882075,0
img_02548_2024,0,0.06316246,0
img_02555_2024,0,1.7777353e-06,0
img_02560_2024,0,4.1713727e-05,0
img_02550_2024,0,3.9942884e-06,0
img_02562_2024,0,2.2273567e-05,0
img_02565_2024,0,0.00014628796,0
img_02544_2024,0,5.2295738e-05,0
img_02559_2024,0,1.0833696e-05,0
img_02529_p01_2024,0,0.00030996386,0
img_02529_p02_2024,0,1.3481431e-05,0
img_02564_2024,0,2.1203807e-05,0
img_02558_2024,0,7.336873e-05,0
img_02561_2024,0,3.142663e-06,0
img_02563_2024,0,0.341388,1
img_02566_2024,0,1.9807869e-05,0
img_02568_2024,0,5.15656e-06,0
img_02567_2024,0,4.653721e-06,0
img_02573_2024,0,2.0773301e-05,0
img_02572_2024,0,7.4852665e-06,0
img_02570_2024,0,8.5296866e-05,0
img_02571_2024,0,1.9177376e-05,0
img_02579_2024,0,9.336091e-06,0
img_02547_p01_2024,0,0.0006565724,0
img_02547_p02_2024,0,0.00017098199,0
img_02576_2024,0,4.264949e-06,0
img_02577_2024,0,3.9752417e-06,0
img_02580_2024,0,1.2381728e-05,0
img_02581_2024,0,0.03456431,0
img_02578_2024,0,9.126035e-06,0
img_02569_2024,0,5.007084e-06,0
img_02585_2024,0,1.9495483e-05,0
img_02586_2024,0,0.00039017832,0
img_02575_2024,0,1.0320185e-05,0
img_02584_2024,0,4.6056673e-05,0
img_02583_2024,0,4.621303e-06,0
img_02588_2024,0,1.6414497e-06,0
img_02587_2024,0,3.1926105e-05,0
img_02593_2024,0,0.03318485,0
img_02589_2024,0,0.00052511937,0
img_02590_2024,0,0.00023780527,0
img_02596_2024,0,0.37913036,1
img_02595_2024,0,4.8643665e-06,0
img_02602_2024,0,2.4511059e-05,0
img_02599_2024,0,0.00094036356,0
img_02594_2024,0,0.00010487718,0
img_02601_2024,0,2.9288433e-06,0
img_02597_2024,0,2.0161335e-05,0
img_02603_2024,0,2.9388573e-06,0
img_02591_2024,0,0.00041076727,0
img_02604_2024,0,1.8541807e-06,0
img_02574_2024,0,2.6047841e-05,0
img_02605_2024,0,3.0881306e-06,0
img_02600_2024,0,1.9085376e-06,0
img_02592_2024,0,5.4282944e-05,0
img_02598_2024,0,8.232553e-05,0
img_02607_2024,0,3.1371712e-06,0
img_02608_2024,0,9.583958e-06,0
img_02609_2024,0,5.363215e-05,0
img_02613_2024,0,0.000364109,0
img_02612_2024,0,1.3553932e-05,0
img_02614_2024,0,3.4028646e-05,0
img_02606_2024,0,0.00013816723,0
img_02615_2024,0,1.0556559e-05,0
img_02621_2024,0,3.832515e-05,0
img_02619_2024,0,1.2408017e-05,0
img_02618_2024,0,0.0004237468,0
img_02622_2024,0,1.1284557e-05,0
img_02610_2024,0,5.1655475e-06,0
img_02624_2024,0,3.8788585e-05,0
img_02616_2024,0,0.00010291499,0
img_02623_2024,0,8.235734e-06,0
img_02625_2024,0,8.7970184e-05,0
img_02611_2024,0,0.0011112669,0
img_02627_2024,0,2.1828566e-05,0
img_02620_2024,0,1.5889318e-05,0
img_02630_2024,0,1.22200545e-05,0
img_02626_2024,0,2.242209e-05,0
img_02628_2024,0,0.0020540974,0
img_02629_2024,0,3.265334e-05,0
img_02640_2024,0,7.595552e-05,0
img_02635_2024,0,1.5369138e-05,0
img_02633_2024,0,9.732041e-06,0
img_02634_2024,0,6.6185366e-06,0
img_02642_2024,0,0.00013716499,0
img_02638_2024,0,1.7265096e-05,0
img_02641_2024,0,5.3582e-05,0
img_02639_2024,0,0.00055763475,0
img_02632_2024,0,0.0001406922,0
img_02636_2024,0,1.98654e-06,0
img_02631_2024,0,8.3045e-06,0
img_02643_2024,0,0.0026834474,0
img_02645_2024,0,9.014735e-06,0
img_02644_2024,0,1.1211786e-05,0
img_02647_2024,0,2.012093e-06,0
img_02646_2024,0,9.659364e-06,0
img_02648_2024,0,1.8577472e-05,0
img_02650_2024,0,0.00037726603,0
img_02651_2024,0,7.026002e-06,0
img_02617_p01_2024,0,0.0032394363,0
img_02617_p02_2024,0,1.0755335e-05,0
img_02617_p03_2024,0,6.6723456e-05,0
img_02657_2024,0,0.012101441,0
img_02655_2024,0,5.0432614e-06,0
img_02652_2024,0,5.686614e-05,0
img_02637_2024,0,7.099631e-05,0
img_02656_2024,0,0.00014262185,0
img_02653_2024,0,0.0045022103,0
img_02660_2024,0,1.2843486e-05,0
img_02649_2024,0,0.00016216715,0
img_02665_2024,0,1.3612345e-06,0
img_02659_2024,0,0.0008849225,0
img_02667_2024,0,3.030218e-05,0
img_02669_2024,0,1.161809e-06,0
img_02664_2024,0,1.8305514e-05,0
img_02670_2024,0,5.25512e-06,0
img_02671_2024,0,1.3232866e-05,0
img_02663_2024,0,4.6797304e-06,0
img_02661_2024,0,1.403526e-06,0
img_02666_2024,0,9.998597e-06,0
img_02673_2024,0,0.00028335175,0
img_02674_2024,0,0.00015884585,0
img_02675_2024,0,1.884008e-05,0
img_02668_2024,0,7.8366116e-05,0
img_02682_2024,0,3.862421e-06,0
img_02683_2024,0,3.683792e-06,0
img_02680_2024,0,9.639744e-06,0
img_02679_2024,0,0.00010515817,0
img_02686_2024,0,0.0016324066,0
img_02681_2024,0,0.010690908,0
img_02678_2024,0,1.0985364e-05,0
img_02687_2024,0,2.7828952e-07,0
img_02685_2024,0,0.0001390846,0
img_02684_2024,0,2.2611397e-05,0
img_02688_2024,0,2.8699478e-05,0
img_02689_2024,0,1.7453272e-06,0
img_02691_2024,0,1.5272982e-06,0
img_02692_2024,0,0.00010275917,0
img_02696_2024,0,4.1099207e-05,0
img_02698_2024,0,0.0028032665,0
img_02694_2024,0,0.00014392914,0
img_02699_2024,0,2.0747366e-06,0
img_02704_2024,0,2.911244e-05,0
img_02695_2024,0,0.00015036081,0
img_02700_2024,0,3.0655044e-06,0
img_02705_2024,0,2.1760537e-05,0
img_02703_2024,0,1.344157e-05,0
img_02693_2024,0,0.00012654564,0
img_02701_2024,0,9.455632e-06,0
img_02707_2024,0,9.214565e-06,0
img_02677_p01_2024,0,0.00014823696,0
img_02677_p02_2024,0,2.8639877e-05,0
img_02676_p01_2024,0,0.0006076959,0
img_02676_p02_2024,0,4.6210695e-05,0
img_02676_p03_2024,0,0.008793078,0
img_02710_2024,0,1.3118934e-06,0
img_02708_2024,0,1.1603801e-05,0
img_02706_2024,0,1.0240244e-05,0
img_02690_2024,0,3.4751538e-05,0
img_02697_2024,0,7.519455e-05,0
img_02712_2024,0,1.3762022e-06,0
img_02702_2024,0,1.3540444e-05,0
img_02716_2024,0,5.587048e-05,0
img_02709_2024,0,1.7191442e-05,0
img_02654_p01_2024,0,0.00020099555,0
img_02654_p02_2024,0,0.0046524084,0
img_02654_p03_2024,0,3.338415e-05,0
img_02654_p04_2024,0,0.6743283,1
img_02711_2024,0,1.2154597e-05,0
img_02720_2024,0,6.6449034e-06,0
img_02723_2024,0,0.028288335,0
img_02717_2024,0,0.00013453145,0
img_02714_2024,0,0.00039849317,0
img_02672_p01_2024,0,1.184785e-05,0
img_02672_p02_2024,0,1.6795915e-05,0
img_02715_2024,0,2.0003076e-06,0
img_02721_2024,0,1.0586738e-06,0
img_02713_2024,0,8.723227e-07,0
img_02722_2024,0,0.00024224832,0
img_02729_2024,0,4.402305e-05,0
img_02730_2024,0,6.399967e-06,0
img_02733_2024,0,6.3449785e-05,0
img_02719_2024,0,2.6574385e-06,0
img_02732_2024,0,4.7972076e-06,0
img_02734_2024,0,0.020633694,0
img_02725_2024,0,2.1193477e-05,0
img_02726_2024,0,7.803168e-06,0
img_02731_2024,0,8.638284e-06,0
img_02718_p01_2024,0,0.012465141,0
img_02718_p02_2024,0,0.0004066167,0
img_02735_2024,0,0.00010394477,0
img_02737_2024,0,0.00010312307,0
img_02738_2024,0,5.7341895e-06,0
img_02739_2024,0,6.282606e-06,0
img_02742_2024,0,1.2979311e-05,0
img_02728_2024,0,8.367937e-05,0
img_02743_2024,0,1.0569886e-05,0
img_02736_2024,0,4.2931515e-06,0
img_02746_2024,0,0.00031299636,0
img_02741_2024,0,2.7679323e-06,0
img_02745_2024,0,8.600115e-05,0
img_02727_2024,0,0.00014848325,0
img_02751_2024,0,1.9332165e-06,0
img_02724_p01_2024,0,9.881555e-06,0
img_02724_p02_2024,0,6.1208266e-05,0
img_02752_2024,0,1.4527786e-05,0
img_02750_2024,0,0.0009449008,0
img_02753_2024,0,0.026712364,0
img_02740_2024,0,6.590119e-06,0
img_02747_2024,0,0.024281226,0
img_02744_2024,0,9.338802e-05,0
img_02757_2024,0,6.0017825e-05,0
img_02759_2024,0,2.4017349e-05,0
img_02754_2024,0,4.0522133e-05,0
img_02760_2024,0,9.887201e-06,0
img_02748_2024,0,0.0013381909,0
img_02756_2024,0,2.1726302e-05,0
img_02749_2024,0,0.00015241129,0
img_02767_2024,0,1.9682142e-05,0
img_02762_2024,0,0.0002535402,0
img_02768_2024,0,6.899346e-06,0
img_02758_2024,0,5.033824e-06,0
img_02765_2024,0,0.2343072,1
img_02766_2024,0,0.0004850943,0
img_02763_2024,0,0.00022898977,0
img_02755_2024,0,2.444389e-06,0
img_02771_2024,0,2.2294405e-06,0
img_02773_2024,0,0.00021051621,0
img_02774_2024,0,4.89561e-05,0
img_02772_2024,0,0.00017322028,0
img_02761_2024,0,9.602676e-06,0
img_02769_2024,0,3.2196044e-06,0
img_02775_2024,0,0.00013155336,0
img_02777_2024,0,7.951976e-05,0
img_02770_2024,0,0.00021776087,0
img_02778_2024,0,4.132401e-05,0
img_02779_2024,0,6.029268e-06,0
img_02764_2024,0,0.0001094232,0
img_02782_2024,0,0.00013729703,0
img_02781_2024,0,1.0502305e-05,0
img_02776_2024,0,1.1892439e-05,0
img_02780_2024,0,0.0008013338,0
img_02788_2024,0,0.0016146302,0
img_02785_2024,0,1.5574864e-05,0
img_02786_2024,0,5.345808e-05,0
img_02783_2024,0,0.004761977,0
img_02784_2024,0,9.653024e-07,0
img_02790_2024,0,0.0005371453,0
img_02787_2024,0,6.488396e-05,0
img_02792_2024,0,1.7625267e-05,0
img_02791_2024,0,6.964368e-06,0
img_02789_2024,0,3.1669446e-05,0
img_02801_2024,0,0.0010485097,0
img_02802_2024,0,0.0014405594,0
img_02803_2024,0,0.00021671652,0
img_02796_2024,0,4.280196e-06,0
img_02800_2024,0,0.0004191919,0
img_02798_2024,0,0.010878869,0
img_02794_2024,0,7.937085e-06,0
img_02793_2024,0,9.169472e-05,0
img_02809_2024,0,3.1688671e-06,0
img_02799_2024,0,0.000234369,0
img_02811_2024,0,1.2006843e-05,0
img_02797_2024,0,5.8321013e-05,0
img_02805_2024,0,1.9108042e-05,0
img_02806_2024,0,0.00038803671,0
img_02808_2024,0,8.329548e-06,0
img_02804_2024,0,0.00044271088,0
img_02812_2024,0,0.00166564,0
img_02813_2024,0,0.00040074956,0
img_02795_p01_2024,0,5.083446e-06,0
img_02795_p02_2024,0,7.463205e-05,0
img_02817_2024,0,1.1579856e-05,0
img_02814_2024,0,9.8028895e-06,0
img_02820_2024,0,4.686796e-06,0
img_02818_2024,0,5.0947034e-05,0
img_02821_2024,0,0.004141175,0
img_02822_2024,0,4.4459944e-06,0
img_02815_2024,0,1.0840176e-05,0
img_02823_2024,0,9.8481156e-05,0
img_02807_2024,0,1.4712987e-05,0
img_02826_2024,0,3.669171e-05,0
img_02816_2024,0,1.2824999e-06,0
img_02819_2024,0,1.462554e-05,0
img_02829_2024,0,0.0003946183,0
img_02827_2024,0,7.623165e-06,0
img_02825_2024,0,1.2629127e-06,0
img_02832_2024,0,1.0978106e-05,0
img_02835_2024,0,0.004763159,0
img_02836_2024,0,0.00013532412,0
img_02833_2024,0,3.5637146e-05,0
img_02830_2024,0,5.997875e-05,0
img_02831_2024,0,0.0004114541,0
img_02840_2024,0,0.00013018455,0
img_02828_2024,0,9.9411474e-05,0
img_02841_2024,0,1.8649097e-06,0
img_02842_2024,0,1.5326721e-06,0
img_02838_2024,0,5.2833846e-05,0
img_02837_2024,0,3.4811044e-05,0
img_02843_2024,0,2.2552083e-06,0
img_02845_2024,0,6.314852e-06,0
img_02847_2024,0,0.0028419704,0
img_02834_2024,0,0.00044394087,0
img_02824_p01_2024,0,0.00032949238,0
img_02824_p02_2024,0,0.0008100098,0
img_02850_2024,0,1.0677991e-05,0
img_02849_2024,0,2.7434804e-05,0
img_02856_2024,0,0.0104705095,0
img_02855_2024,0,0.0036660277,0
img_02851_2024,0,1.637116e-06,0
img_02854_2024,0,0.000116373645,0
img_02859_2024,0,0.000205107,0
img_02848_2024,0,2.8635344e-05,0
img_02852_2024,0,4.3352185e-05,0
img_02858_2024,0,1.6255246e-05,0
img_02844_2024,0,1.339701e-05,0
img_02861_2024,0,0.00056812627,0
img_02839_2024,0,5.76335e-06,0
img_02857_2024,0,5.422746e-06,0
img_02863_2024,0,0.018196251,0
img_02853_2024,0,1.1941581e-05,0
img_02862_2024,0,6.47802e-06,0
img_02865_2024,0,4.1255455e-05,0
img_02846_2024,0,2.698273e-05,0
img_02868_2024,0,9.543898e-06,0
img_02860_2024,0,8.5462714e-05,0
img_02870_2024,0,3.1866414e-06,0
img_02873_2024,0,5.644035e-06,0
img_02871_2024,0,1.1463825e-05,0
img_02874_2024,0,0.00029679548,0
img_02867_2024,0,8.497999e-05,0
img_02872_2024,0,3.012805e-06,0
img_02866_2024,0,4.7625617e-05,0
img_02869_2024,0,0.0002871978,0
img_02878_2024,0,2.917233e-05,0
img_02881_2024,0,5.7907644e-05,0
img_02879_2024,0,0.00039876372,0
img_02882_2024,0,2.5845238e-05,0
img_02875_2024,0,2.656283e-06,0
img_02877_2024,0,8.143599e-07,0
img_02883_2024,0,1.6182828e-05,0
img_02864_2024,0,5.621407e-05,0
img_02880_2024,0,1.0207951e-05,0
img_02888_2024,0,1.480741e-05,0
img_02891_2024,0,1.1887333e-06,0
img_02887_2024,0,0.007535706,0
img_02884_2024,0,6.808135e-06,0
img_02899_2024,0,3.6988644e-05,0
img_02893_2024,0,7.482374e-05,0
img_02900_2024,0,1.6110685e-05,0
img_02892_2024,0,3.81155e-05,0
img_02886_2024,0,0.001829798,0
img_02889_2024,0,0.01566934,0
img_02896_2024,0,6.4902015e-06,0
img_02901_2024,0,1.6196676e-05,0
img_02890_2024,0,3.3469712e-06,0
img_02904_2024,0,2.2701452e-05,0
img_02908_2024,0,5.0367344e-06,0
img_02910_2024,0,9.392756e-06,0
img_02906_2024,0,2.3660881e-05,0
img_02898_2024,0,1.2322547e-05,0
img_02902_2024,0,2.0898602e-05,0
img_02913_2024,0,1.1849337e-06,0
img_02897_p01_2024,0,1.1060989e-05,0
img_02897_p02_2024,0,9.390785e-06,0
img_02909_2024,0,0.00021985735,0
img_02914_2024,0,3.4041582e-06,0
img_02907_2024,0,1.5343963e-05,0
img_02911_2024,0,4.5674133e-05,0
img_02919_2024,0,1.8204802e-05,0
img_02920_2024,0,0.027434377,0
img_02921_2024,0,0.0009177169,0
img_02905_2024,0,0.0007126609,0
img_02915_2024,0,4.069527e-06,0
img_02917_2024,0,0.03397104,0
img_02916_2024,0,1.0271573e-06,0
img_02923_2024,0,0.00021590701,0
img_02885_2024,0,9.715007e-06,0
img_02918_2024,0,1.8109462e-05,0
img_02903_p01_2024,0,3.8707954e-06,0
img_02903_p02_2024,0,4.994261e-07,0
img_02925_2024,0,2.835923e-05,0
img_02929_2024,0,4.1785912e-05,0
img_02924_2024,0,0.0002644531,0
img_02927_2024,0,1.2301154e-05,0
img_02931_2024,0,5.492521e-06,0
img_02926_2024,0,0.0002780657,0
img_02928_2024,0,0.0019670003,0
img_02922_2024,0,5.763658e-06,0
img_02932_2024,0,0.00022392115,0
img_02894_2024,0,4.0486625e-06,0
img_02930_2024,0,8.3322644e-05,0
img_02933_2024,0,5.835921e-06,0
img_02912_p01_2024,0,1.2081131e-06,0
img_02912_p02_2024,0,2.5692354e-06,0
img_02934_2024,0,2.8609206e-06,0
img_02895_2024,0,0.0008595855,0
img_02937_2024,0,0.0030385617,0
img_02936_2024,0,7.293715e-06,0
img_02938_2024,0,0.00023649792,0
img_02810_p01_2024,0,4.2548065e-05,0
img_02810_p02_2024,0,5.907923e-06,0
img_02810_p03_2024,0,4.860337e-06,0
img_02810_p04_2024,0,5.7581417e-07,0
img_02810_p05_2024,0,3.569718e-05,0
img_02810_p06_2024,0,4.1048843e-06,0
img_02810_p07_2024,0,4.41892e-06,0
img_02935_2024,0,6.880895e-06,0
img_02876_2024,0,2.4736603e-06,0
img_02940_2024,0,8.576127e-07,0
img_02948_2024,0,5.0539743e-06,0
img_02943_2024,0,0.00031418956,0
img_02945_2024,0,0.000112813184,0
img_02939_2024,0,3.1056325e-06,0
img_02941_2024,0,3.9140694e-05,0
img_02950_2024,0,2.9755176e-05,0
img_02957_2024,0,1.0198084e-05,0
img_02947_2024,0,3.2308406e-05,0
img_02942_2024,0,3.826205e-05,0
img_02946_2024,0,0.00029439916,0
img_02955_2024,0,7.7424986e-05,0
img_02949_2024,0,2.0283662e-05,0
img_02951_2024,0,7.249507e-06,0
img_02958_2024,0,1.3619117e-05,0
img_02944_2024,0,0.004740635,0
img_02954_2024,0,1.5222467e-05,0
img_02952_2024,0,0.029709695,0
img_02956_2024,0,3.1471347e-06,0
img_02961_2024,0,0.00022236038,0
img_02963_2024,0,1.3708415e-05,0
img_02959_2024,0,6.6232847e-06,0
img_02962_2024,0,1.4175563e-06,0
img_02968_2024,0,4.188657e-06,0
img_02969_2024,0,4.4052113e-06,0
img_02960_2024,0,4.73139e-07,0
img_02966_2024,0,2.2620025e-05,0
img_02972_2024,0,0.000424483,0
img_02971_2024,0,1.06920015e-05,0
img_02967_2024,0,0.017375631,0
img_02970_2024,0,7.302415e-06,0
img_02976_2024,0,0.00063041225,0
img_02953_p01_2024,0,2.0652037e-06,0
img_02953_p02_2024,0,1.0979999e-06,0
img_02964_2024,0,1.170982e-05,0
img_02978_2024,0,0.00018725565,0
img_02977_2024,0,0.004526648,0
img_02975_2024,0,5.6225057e-05,0
img_02980_2024,0,0.00032626436,0
img_02983_2024,0,7.751497e-05,0
img_02974_2024,0,1.215986e-05,0
img_02979_2024,0,1.8702705e-05,0
img_02987_2024,0,3.356138e-06,0
img_02988_2024,0,0.00023511564,0
img_02985_2024,0,1.811328e-05,0
img_02984_2024,0,0.00024384749,0
img_02986_2024,0,6.288404e-05,0
img_02990_2024,0,6.016534e-06,0
img_02992_2024,0,0.0017248818,0
img_02989_2024,0,4.4704584e-06,0
img_02965_2024,0,3.5851826e-05,0
img_02973_2024,0,1.7704986e-05,0
img_02993_2024,0,0.0022644482,0
img_02981_2024,0,5.063222e-06,0
img_02991_2024,0,1.4168523e-05,0
img_02995_2024,0,5.1193074e-05,0
img_02994_2024,0,1.7420978e-05,0
img_03003_2024,0,5.1229886e-06,0
img_03001_2024,0,5.8754076e-06,0
img_02996_2024,0,0.00016326143,0
img_03008_2024,0,0.1990208,1
img_03000_2024,0,8.878524e-06,0
img_02999_2024,0,3.7390028e-06,0
img_02998_2024,0,1.1397709e-05,0
img_03004_2024,0,0.1992007,1
img_03006_2024,0,1.0322392e-06,0
img_03007_2024,0,0.0007803177,0
img_03009_2024,0,5.3997228e-05,0
img_03002_2024,0,1.26075e-05,0
img_02982_p01_2024,0,5.961903e-05,0
img_02982_p02_2024,0,3.4828045e-05,0
img_03012_2024,0,0.000453951,0
img_03016_2024,0,0.00042661233,0
img_03014_2024,0,0.0002522495,0
img_03017_2024,0,0.006721298,0
img_03013_2024,0,3.335672e-05,0
img_03023_2024,0,5.1967872e-05,0
img_03020_2024,0,1.168657e-05,0
img_03022_2024,0,0.00057312124,0
img_03005_2024,0,3.9873343e-05,0
img_03015_2024,0,1.120143e-06,0
img_03011_2024,0,4.398109e-05,0
img_03010_2024,0,1.084576e-05,0
img_03025_2024,0,2.0824515e-05,0
img_03021_2024,0,3.4962653e-05,0
img_03024_2024,0,2.29697e-05,0
img_03028_2024,0,2.2362203e-06,0
img_03018_2024,0,2.5451109e-05,0
img_03026_2024,0,0.0001308127,0
img_03027_2024,0,1.9289457e-06,0
img_03019_2024,0,4.8483413e-05,0
img_03030_2024,0,2.7777862e-05,0
img_03034_2024,0,0.0019910347,0
img_03033_2024,0,0.0005682492,0
img_03031_2024,0,0.00021698987,0
img_03032_2024,0,0.0002560467,0
img_03042_2024,0,3.3845114e-05,0
img_03035_2024,0,1.0067228e-05,0
img_03036_2024,0,0.00024415855,0
img_03037_2024,0,0.0027544915,0
img_03045_2024,0,6.8239635e-05,0
img_03038_2024,0,7.9284735e-05,0
img_03044_2024,0,1.3638861e-05,0
img_03041_2024,0,1.167704e-06,0
img_03039_2024,0,3.8041799e-06,0
img_03043_2024,0,3.671863e-06,0
img_03040_2024,0,0.0010445273,0
img_03049_2024,0,0.009526948,0
img_02997_p01_2024,0,4.0399624e-05,0
img_02997_p02_2024,0,7.3711794e-06,0
img_02997_p03_2024,0,9.634947e-06,0
img_02997_p04_2024,0,5.486129e-06,0
img_03051_2024,0,3.6416561e-06,0
img_03055_2024,0,1.9854888e-06,0
img_03054_2024,0,5.4361324e-05,0
img_03057_2024,0,0.24277218,1
img_03060_2024,0,4.6342335e-05,0
img_03053_2024,0,2.631876e-05,0
img_03052_2024,0,1.6576621e-05,0
img_03059_2024,0,1.5452219e-05,0
img_03056_2024,0,0.0015087891,0
img_03048_2024,0,0.0005221805,0
img_03058_2024,0,0.00027738916,0
img_03061_2024,0,1.7613589e-05,0
img_03063_2024,0,5.8577893e-06,0
img_03064_2024,0,3.5131234e-05,0
img_03065_2024,0,1.2471462e-05,0
img_03062_2024,0,0.00011483532,0
img_03066_2024,0,1.109287e-05,0
img_03068_2024,0,1.4598105e-06,0
img_03067_2024,0,8.8347726e-05,0
img_03069_2024,0,0.020546252,0
img_03075_2024,0,0.00033092478,0
img_03029_p01_2024,0,3.6139609e-06,0
img_03029_p02_2024,0,4.272142e-06,0
img_03073_2024,0,0.00013170473,0
img_03074_2024,0,2.4337567e-06,0
img_03072_2024,0,1.2182425e-06,0
img_03071_2024,0,6.0768933e-05,0
img_03070_2024,0,0.00043951327,0
img_03080_2024,0,2.8098271e-05,0
img_03077_2024,0,0.15294898,0
img_03078_2024,0,3.2258376e-05,0
img_03076_2024,0,2.6651157e-06,0
img_03082_2024,0,1.1445385e-05,0
img_03081_2024,0,7.7694574e-05,0
img_03083_2024,0,4.1273164e-05,0
img_03084_2024,0,9.499323e-06,0
img_03090_2024,0,0.00022034864,0
img_03079_2024,0,0.00066080573,0
img_03086_2024,0,6.382735e-06,0
img_03088_2024,0,0.00019118944,0
img_03087_2024,0,0.00023550243,0
img_03092_2024,0,0.00027365042,0
img_03046_p01_2024,0,1.32500645e-05,0
img_03046_p02_2024,0,1.4325997e-05,0
img_03093_2024,0,0.0047010267,0
img_03089_2024,0,2.482781e-05,0
img_03099_2024,0,0.0016872614,0
img_03096_2024,0,6.2870304e-06,0
img_03091_2024,0,2.3029097e-05,0
img_03101_2024,0,1.3681139e-06,0
img_03102_2024,0,0.00012474504,0
img_03104_2024,0,3.9941388e-05,0
img_03095_2024,0,3.4279245e-05,0
img_03106_2024,0,9.371732e-07,0
img_03094_2024,0,7.5413263e-06,0
img_03107_2024,0,6.4753236e-05,0
img_03097_2024,0,3.814188e-06,0
img_03110_2024,0,6.523998e-06,0
img_03105_2024,0,0.0024600402,0
img_03112_2024,0,0.11027011,0
img_03103_2024,0,6.048088e-06,0
img_03113_2024,0,1.5559795e-05,0
img_03114_2024,0,0.006262874,0
img_03108_2024,0,0.000109364475,0
img_03100_p01_2024,0,0.0005172892,0
img_03100_p02_2024,0,1.7386837e-05,0
img_03111_2024,0,0.00035558722,0
img_03098_p01_2024,0,1.1288098e-05,0
img_03098_p02_2024,0,7.44725e-06,0
img_03116_2024,0,1.4235743e-05,0
img_03118_2024,0,8.8422996e-05,0
img_03121_2024,0,2.7312426e-05,0
img_03119_2024,0,4.1656713e-06,0
img_03124_2024,0,4.635405e-05,0
img_03109_2024,0,3.9594606e-06,0
img_03120_2024,0,8.153693e-06,0
img_03123_2024,0,3.2478834e-05,0
img_03117_2024,0,0.0036461568,0
img_03122_2024,0,3.3514075e-06,0
img_03127_2024,0,0.0002954077,0
img_03130_2024,0,4.4145645e-06,0
img_03128_2024,0,2.8367915e-05,0
img_03125_2024,0,1.6360456e-05,0
img_03129_2024,0,4.312844e-05,0
img_03131_2024,0,4.4559973e-05,0
img_03134_2024,0,1.4392851e-06,0
img_03132_2024,0,0.00025157124,0
img_03133_2024,0,0.00010088424,0
img_03135_2024,0,5.229085e-05,0
img_03137_2024,0,7.73155e-05,0
img_03115_p01_2024,0,2.5642623e-05,0
img_03115_p02_2024,0,3.6379967e-07,0
img_03136_2024,0,0.0046105217,0
img_03126_2024,0,0.0030476814,0
img_03139_2024,0,6.3027046e-06,0
img_03141_2024,0,1.7502241e-05,0
img_03138_2024,0,0.33924398,1
img_03140_2024,0,7.756079e-06,0
img_03143_2024,0,0.00017573517,0
img_03142_2024,0,0.00014766025,0
img_03149_2024,0,3.7976723e-05,0
img_03146_2024,0,1.6693206e-05,0
img_03145_2024,0,0.000579242,0
img_03150_2024,0,0.0012358498,0
img_03151_2024,0,5.58307e-05,0
img_03154_2024,0,0.08883548,0
img_03152_2024,0,6.785218e-05,0
img_03155_2024,0,2.7397373e-06,0
img_03156_2024,0,2.6630283e-05,0
img_03147_2024,0,1.8199751e-05,0
img_03148_2024,0,0.0026414632,0
img_03160_2024,0,1.2011825e-05,0
img_03144_2024,0,5.6087715e-06,0
img_03157_2024,0,9.842605e-05,0
img_03159_2024,0,5.9121146e-05,0
img_03162_2024,0,4.3270747e-06,0
img_03163_2024,0,3.0899758e-07,0
img_03161_2024,0,0.008973683,0
img_03164_2024,0,0.00027996718,0
img_03166_2024,0,4.7355246e-05,0
img_03158_2024,0,3.3930608e-06,0
img_03165_2024,0,2.406157e-05,0
img_03153_2024,0,7.811895e-06,0
img_03170_2024,0,0.0008618433,0
img_03172_2024,0,4.7592384e-05,0
img_03173_2024,0,9.8302706e-05,0
img_03171_2024,0,1.07580745e-05,0
img_03168_2024,0,7.2617884e-05,0
img_03175_2024,0,0.0015325667,0
img_03176_2024,0,0.00012058155,0
img_03169_2024,0,1.5808622e-05,0
img_03178_2024,0,0.0012190168,0
img_03179_2024,0,0.00019482039,0
img_03174_2024,0,0.04902714,0
img_03177_2024,0,8.100594e-05,0
img_03181_2024,0,9.788531e-06,0
img_03180_2024,0,2.2464726e-05,0
img_03167_2024,0,7.65888e-05,0
img_03183_2024,0,3.1905365e-06,0
img_03182_2024,0,0.2183482,1
img_03186_2024,0,1.2792291e-05,0
img_03192_2024,0,4.539432e-05,0
img_03185_2024,0,0.00012631633,0
img_03187_2024,0,0.00076936046,0
img_03196_2024,0,0.29320368,1
img_03191_2024,0,8.673984e-07,0
img_03195_2024,0,0.0004371283,0
img_03190_2024,0,3.432733e-05,0
img_03189_2024,0,1.9600081e-06,0
img_03194_2024,0,7.2267685e-06,0
img_03193_2024,0,0.00030284433,0
img_03199_2024,0,0.0016537681,0
img_03184_2024,0,0.00078765996,0
img_03188_2024,0,3.8436297e-06,0
img_03200_2024,0,8.241564e-06,0
img_03197_2024,0,8.483559e-06,0
img_03211_2024,0,9.231839e-06,0
img_03204_2024,0,0.0021781714,0
img_03201_2024,0,5.9609763e-05,0
img_03202_2024,0,2.8341443e-05,0
img_03198_2024,0,1.3026494e-05,0
img_03208_2024,0,2.8265515e-05,0
img_03213_2024,0,0.00014064592,0
img_03207_2024,0,5.6133576e-06,0
img_03209_2024,0,5.2141204e-06,0
img_03203_2024,0,0.0007106883,0
img_03214_2024,0,8.767808e-06,0
img_03212_2024,0,0.00011344816,0
img_03205_2024,0,0.009291239,0
img_03210_2024,0,1.3034456e-06,0
img_03216_2024,0,4.0649775e-06,0
img_03215_2024,0,8.226738e-06,0
img_03218_2024,0,2.5537724e-06,0
img_03221_2024,0,0.000109570734,0
img_03217_2024,0,1.2403949e-06,0
img_03223_2024,0,0.048530262,0
img_03219_2024,0,9.263394e-06,0
img_03222_2024,0,4.571486e-06,0
img_03220_2024,0,1.2508182e-05,0
img_03225_2024,0,9.522467e-05,0
img_03227_2024,0,0.00022261281,0
img_03226_2024,0,0.12376679,0
img_03230_2024,0,2.8222661e-05,0
img_03233_2024,0,3.3316244e-06,0
img_03231_2024,0,7.5891885e-06,0
img_03237_2024,0,0.010735192,0
img_03229_2024,0,0.0019112091,0
img_03228_2024,0,2.0260733e-05,0
img_03235_2024,0,0.0002012082,0
img_03239_2024,0,6.0555067e-05,0
img_03238_2024,0,7.6386474e-05,0
img_03224_2024,0,2.8650364e-05,0
img_03236_2024,0,0.0001190262,0
img_03234_2024,0,4.8455872e-06,0
img_03240_2024,0,0.00024334002,0
img_03232_2024,0,7.097621e-05,0
img_03242_2024,0,0.008793536,0
img_03245_2024,0,6.629668e-05,0
img_03249_2024,0,1.852364e-05,0
img_03247_2024,0,0.0013467266,0
img_03254_2024,0,0.00011299137,0
img_03243_2024,0,0.0006628616,0
img_03256_2024,0,4.290982e-05,0
img_03250_2024,0,1.5023802e-05,0
img_03251_2024,0,0.00012468938,0
img_03244_2024,0,1.9886004e-06,0
img_03241_2024,0,0.022526424,0
img_03255_2024,0,6.4677724e-06,0
img_03258_2024,0,0.00016688494,0
img_03257_2024,0,1.9854112e-06,0
img_03261_2024,0,2.4016661e-05,0
img_03265_2024,0,1.2429121e-05,0
img_03264_2024,0,0.0020002231,0
img_03259_2024,0,0.012607568,0
img_03263_2024,0,1.3679424e-05,0
img_03266_2024,0,0.00029671853,0
img_03267_2024,0,5.0102375e-07,0
img_03268_2024,0,0.0010956628,0
img_03269_2024,0,1.6104368e-06,0
img_03260_2024,0,1.9282494e-05,0
img_03253_2024,0,4.7892005e-05,0
img_03270_2024,0,7.174649e-07,0
img_03271_2024,0,4.9352988e-05,0
img_03246_2024,0,1.3607018e-05,0
img_03206_p01_2024,0,9.300013e-06,0
img_03206_p02_2024,0,1.1477324e-05,0
img_03206_p03_2024,0,6.3968246e-06,0
img_03206_p04_2024,0,0.00023705032,0
img_03274_2024,0,7.431787e-05,0
img_03248_p01_2024,0,6.84414e-06,0
img_03248_p02_2024,0,3.195489e-05,0
img_03273_2024,0,3.7158472e-06,0
img_03275_2024,0,1.2685785e-05,0
img_03272_2024,0,2.8145174e-05,0
img_03276_2024,0,0.0001221216,0
img_03277_2024,0,1.6584732e-05,0
img_03252_p01_2024,0,0.0011880684,0
img_03252_p02_2024,0,8.60983e-05,0
img_03262_p01_2024,0,0.00017006737,0
img_03262_p02_2024,0,3.1064268e-05,0
img_03279_2024,0,4.660499e-06,0
img_03280_2024,0,1.3357526e-05,0
img_03284_2024,0,0.39496806,1
img_03282_2024,0,2.051868e-06,0
img_03281_2024,0,0.00029330657,0
img_03285_2024,0,8.56843e-06,0
img_03292_2024,0,0.03461401,0
img_03289_2024,0,0.07587006,0
img_03283_2024,0,2.116207e-05,0
img_03286_2024,0,4.379576e-05,0
img_03291_2024,0,2.07407e-06,0
img_03290_2024,0,1.4465063e-05,0
img_03293_2024,0,0.00036364503,0
img_03288_2024,0,0.00017125282,0
img_03294_2024,0,2.5149186e-06,0
img_03287_2024,0,0.0063227746,0
img_03085_p01_2024,0,2.882846e-05,0
img_03085_p02_2024,0,2.3682485e-05,0
img_03085_p03_2024,0,1.8579829e-05,0
img_03085_p04_2024,0,1.038096e-05,0
img_03085_p05_2024,0,4.9622933e-05,0
img_03085_p06_2024,0,4.198911e-05,0
img_03085_p07_2024,0,1.0578962e-05,0
img_03085_p08_2024,0,6.6606185e-06,0
img_03085_p09_2024,0,2.3359232e-06,0
img_03085_p10_2024,0,0.00015839166,0
img_03047_p01_2024,0,6.626671e-06,0
img_03047_p02_2024,0,3.0105389e-06,0
img_03047_p03_2024,0,5.310584e-06,0
img_03047_p04_2024,0,2.0416619e-05,0
img_03047_p05_2024,0,5.5266e-06,0
img_03047_p06_2024,0,0.00022913172,0
img_03047_p07_2024,0,4.4769447e-05,0
img_03047_p08_2024,0,1.110784e-05,0
img_03047_p09_2024,0,0.00011945314,0
img_03047_p10_2024,0,2.6182326e-05,0
img_03296_2024,0,2.4000496e-05,0
img_03295_2024,0,0.11012122,0
img_03297_2024,0,4.038771e-06,0
img_03300_2024,0,8.367097e-07,0
img_03305_2024,0,0.00019080171,0
img_03308_2024,0,0.001578489,0
img_03304_2024,0,1.9509355e-06,0
img_03306_2024,0,5.8001224e-06,0
img_03310_2024,0,4.4893815e-05,0
img_03301_2024,0,6.412458e-07,0
img_03313_2024,0,1.1093505e-05,0
img_03309_2024,0,2.427762e-06,0
img_03307_2024,0,6.40031e-05,0
img_03303_2024,0,1.1664658e-05,0
img_03312_2024,0,2.3626812e-05,0
img_03311_2024,0,5.289643e-06,0
img_03299_2024,0,5.9928832e-05,0
img_03302_2024,0,4.3433785e-05,0
img_03316_2024,0,0.0016225205,0
img_03314_2024,0,0.0034638054,0
img_03315_2024,0,2.179173e-05,0
img_03317_2024,0,0.004949472,0
img_03320_2024,0,2.2241547e-06,0
img_03319_2024,0,0.0075344974,0
img_03323_2024,0,1.8190219e-06,0
img_03318_2024,0,6.28594e-05,0
img_03324_2024,0,0.00048415657,0
img_03325_2024,0,0.0016836838,0
img_03322_2024,0,0.00027000636,0
img_03321_2024,0,0.00058401556,0
img_03327_2024,0,2.0796413e-05,0
img_03329_2024,0,0.0002710763,0
img_03328_2024,0,8.752169e-06,0
img_03331_2024,0,0.0015678962,0
img_03333_2024,0,0.0001948451,0
img_03326_2024,0,3.9699567e-06,0
img_03330_2024,0,0.000958106,0
img_03334_2024,0,8.6215296e-05,0
img_03336_2024,0,1.5239534e-05,0
img_03342_2024,0,6.4978456e-05,0
img_03335_2024,0,0.0032189358,0
img_03332_2024,0,3.6929854e-05,0
img_03339_2024,0,0.00021479045,0
img_03343_2024,0,8.112748e-07,0
img_03344_2024,0,7.4426236e-05,0
img_03340_2024,0,7.056218e-05,0
img_03347_2024,0,6.002412e-06,0
img_03346_2024,0,0.0001059191,0
img_03345_2024,0,5.8394195e-05,0
img_03349_2024,0,0.00049583364,0
img_03348_2024,0,0.00017339924,0
img_03337_2024,0,0.0021096375,0
img_03341_2024,0,7.844272e-06,0
img_03352_2024,0,2.7879321e-05,0
img_03351_2024,0,2.864646e-05,0
img_03353_2024,0,1.2132848e-05,0
img_03355_2024,0,9.015104e-06,0
img_03357_2024,0,5.8021626e-05,0
img_03361_2024,0,0.0003185506,0
img_03356_2024,0,0.00010423797,0
img_03359_2024,0,6.5718364e-06,0
img_03354_2024,0,5.490775e-05,0
img_03358_2024,0,0.00011078154,0
img_03360_2024,0,5.4285833e-06,0
img_03338_p01_2024,0,7.311701e-05,0
img_03338_p02_2024,0,8.165322e-05,0
img_03362_2024,0,3.155643e-06,0
img_03368_2024,0,2.388314e-05,0
img_03365_2024,0,8.438671e-06,0
img_03369_2024,0,1.029664e-05,0
img_03278_p01_2024,0,1.8270284e-05,0
img_03278_p02_2024,0,0.00019488132,0
img_03278_p03_2024,0,2.954503e-05,0
img_03278_p04_2024,0,6.8126436e-05,0
img_03278_p05_2024,0,6.0468625e-05,0
img_03278_p06_2024,0,7.563864e-05,0
img_03370_2024,0,0.0004567487,0
img_03366_2024,0,5.858629e-05,0
img_03371_2024,0,7.1882077e-06,0
img_03298_p01_2024,0,3.274368e-05,0
img_03298_p02_2024,0,2.6062378e-06,0
img_03298_p03_2024,0,0.00010529795,0
img_03298_p04_2024,0,1.1126445e-05,0
img_03374_2024,0,3.999883e-05,0
img_03364_2024,0,0.0061793965,0
img_03380_2024,0,2.0187943e-05,0
img_03350_p01_2024,0,0.0649331,0
img_03350_p02_2024,0,0.0015667381,0
img_03376_2024,0,8.260441e-06,0
img_03382_2024,0,6.5017803e-06,0
img_03373_2024,0,0.00032814598,0
img_03372_2024,0,6.63536e-06,0
img_03379_2024,0,0.0037309618,0
img_03377_2024,0,6.499103e-05,0
img_03375_2024,0,6.1374108e-06,0
img_03387_2024,0,2.0039002e-05,0
img_03383_2024,0,1.0913169e-05,0
img_03386_2024,0,0.00012400061,0
img_03381_2024,0,1.4061023e-06,0
img_03389_2024,0,9.203574e-05,0
img_03367_p01_2024,0,7.433847e-06,0
img_03367_p02_2024,0,3.597116e-06,0
img_03395_2024,0,5.8890113e-05,0
img_03388_2024,0,1.2854582e-06,0
img_03378_2024,0,0.0002780596,0
img_03385_2024,0,1.4613884e-05,0
img_03384_2024,0,4.8415404e-05,0
img_03391_2024,0,0.00015016022,0
img_03393_2024,0,4.373391e-05,0
img_03390_2024,0,0.0027004518,0
img_03392_2024,0,3.2530265e-06,0
img_03394_2024,0,4.174759e-06,0
img_03398_2024,0,0.014120158,0
img_03397_2024,0,7.448884e-06,0
img_03400_2024,0,7.284669e-05,0
img_03403_2024,0,1.2264338e-05,0
img_03399_2024,0,3.1444015e-05,0
img_03363_p01_2024,0,6.444442e-05,0
img_03363_p02_2024,0,4.0270247e-06,0
img_03363_p03_2024,0,6.689242e-05,0
img_03396_2024,0,6.387339e-06,0
img_03401_2024,0,1.6959186e-05,0
img_03407_2024,0,1.40483735e-05,0
img_03402_2024,0,3.2405173e-05,0
img_03406_2024,0,3.207231e-05,0
img_03408_2024,0,5.662733e-06,0
img_03410_2024,0,3.0001214e-05,0
img_03404_2024,0,0.00020798699,0
img_03409_2024,0,4.1069675e-06,0
img_03405_2024,0,1.1564461e-05,0
img_03416_2024,0,2.636473e-05,0
img_03412_2024,0,0.00016980212,0
img_03414_2024,0,3.440592e-06,0
img_03413_2024,0,1.3406531e-05,0
img_03415_2024,0,3.0416343e-06,0
img_03419_2024,0,1.6004876e-06,0
img_03418_2024,0,8.340198e-05,0
img_03424_2024,0,0.00038159956,0
img_03421_2024,0,0.00010651781,0
img_03420_2024,0,0.00073887873,0
img_03422_2024,0,6.7251162e-06,0
img_03423_2024,0,0.00015466555,0
img_03411_2024,0,2.747385e-06,0
img_03426_2024,0,1.5837178e-06,0
img_03428_2024,0,3.1647598e-06,0
img_03434_2024,0,0.00043364015,0
img_03431_2024,0,1.2176409e-05,0
img_03435_2024,0,2.169986e-06,0
img_03427_2024,0,0.0075336597,0
img_03433_2024,0,1.8190982e-06,0
img_03432_2024,0,6.82721e-07,0
img_03429_2024,0,5.199712e-05,0
img_03438_2024,0,3.0335226e-05,0
img_03439_2024,0,0.00020173416,0
img_03417_2024,0,0.00038892555,0
img_03436_2024,0,0.00013866178,0
img_03440_2024,0,1.3447121e-05,0
img_03430_2024,0,2.5478745e-05,0
img_03442_2024,0,3.525759e-06,0
img_03444_2024,0,0.00014928721,0
img_03441_2024,0,3.170025e-06,0
img_03425_p01_2024,0,0.0021361224,0
img_03425_p02_2024,0,0.00020942811,0
img_03437_2024,0,0.00013618288,0
img_03448_2024,0,0.0005471712,0
img_03450_2024,0,3.2260864e-06,0
img_03449_2024,0,5.375038e-06,0
img_03445_2024,0,5.7586538e-05,0
img_03454_2024,0,0.00028660888,0
img_03456_2024,0,7.2471914e-05,0
img_03452_2024,0,1.06144635e-05,0
img_03451_2024,0,2.4287206e-06,0
img_03453_2024,0,3.3609835e-05,0
img_03443_2024,0,5.9765603e-06,0
img_03458_2024,0,0.00013390229,0
img_03457_2024,0,0.1792696,0
img_03460_2024,0,4.8703525e-05,0
img_03461_2024,0,6.324922e-05,0
img_03459_2024,0,0.00025257075,0
img_03447_2024,0,3.8584127e-05,0
img_03462_2024,0,2.6755679e-05,0
img_03446_2024,0,1.199891e-05,0
img_03465_2024,0,2.5178962e-05,0
img_03468_2024,0,0.020893812,0
img_03470_2024,0,9.11209e-05,0
img_03463_2024,0,0.0004168444,0
img_03471_2024,0,0.12922376,0
img_03466_2024,0,3.2573815e-05,0
img_03469_2024,0,4.713345e-05,0
img_03473_2024,0,2.2650609e-06,0
img_03464_2024,0,4.6311775e-06,0
img_03474_2024,0,0.00024128707,0
img_03476_2024,0,6.179917e-05,0
img_03475_2024,0,1.7850676e-06,0
img_03472_2024,0,1.888363e-05,0
img_03479_2024,0,2.4381507e-05,0
img_03467_2024,0,6.445524e-05,0
img_03477_2024,0,6.641425e-06,0
img_03480_2024,0,0.00048780715,0
img_03482_2024,0,0.003431836,0
img_03481_2024,0,4.5745273e-05,0
img_03478_2024,0,2.634619e-06,0
img_03484_2024,0,0.00012657254,0
img_03488_2024,0,0.00032589256,0
img_03490_2024,0,1.7396673e-05,0
img_03489_2024,0,1.21263465e-05,0
img_03485_2024,0,1.9297338e-05,0
img_03492_2024,0,0.0015629817,0
img_03493_2024,0,3.8282947e-06,0
img_03494_2024,0,0.00021304654,0
img_03486_2024,0,2.975024e-05,0
img_03491_2024,0,2.4858777e-05,0
img_03483_2024,0,6.889007e-05,0
img_03497_2024,0,3.3137972e-06,0
img_03501_2024,0,3.8316366e-06,0
img_03499_2024,0,2.766812e-05,0
img_03487_2024,0,2.0387156e-06,0
img_03500_2024,0,4.990356e-06,0
img_03504_2024,0,4.145351e-05,0
img_03502_2024,0,0.94040024,1
img_03507_2024,0,8.218308e-05,0
img_03505_2024,0,5.0907256e-05,0
img_03510_2024,0,5.4786564e-05,0
img_03503_2024,0,9.843848e-06,0
img_03509_2024,0,0.00026883403,0
img_03511_2024,0,0.00020155094,0
img_03496_2024,0,1.0876636e-05,0
img_03513_2024,0,1.6142583e-05,0
img_03498_2024,0,0.0003661664,0
img_03515_2024,0,0.00019351703,0
img_03514_2024,0,1.0560345e-05,0
img_03508_2024,0,4.427546e-06,0
img_03518_2024,0,0.0015841224,0
img_03516_2024,0,0.0011526495,0
img_03522_2024,0,2.9355095e-05,0
img_03517_2024,0,1.21433e-05,0
img_03521_2024,0,7.765598e-05,0
img_03512_2024,0,6.358962e-06,0
img_03524_2024,0,0.00063916674,0
img_03527_2024,0,0.0010491043,0
img_03525_2024,0,3.3847307e-05,0
img_03526_2024,0,0.000375277,0
img_03519_2024,0,7.5416734e-05,0
img_03528_2024,0,0.00029494308,0
img_03523_2024,0,4.3870955e-06,0
img_03530_2024,0,2.9154973e-05,0
img_03050_p01_2024,0,3.1889136e-05,0
img_03050_p02_2024,0,4.7338133e-05,0
img_03050_p03_2024,0,1.29512055e-05,0
img_03050_p04_2024,0,0.976146,1
img_03050_p05_2024,0,3.3055632e-05,0
img_03050_p06_2024,0,1.0128185e-05,0
img_03050_p07_2024,0,3.653236e-05,0
img_03050_p08_2024,0,6.865386e-06,0
img_03050_p09_2024,0,6.0200578e-06,0
img_03050_p10_2024,0,1.3986654e-05,0
img_03050_p11_2024,0,6.502439e-05,0
img_03050_p12_2024,0,0.0005669992,0
img_03050_p13_2024,0,7.5542607e-06,0
img_03050_p14_2024,0,5.787094e-06,0
img_03050_p15_2024,0,1.410598e-05,0
img_03050_p16_2024,0,1.124794e-05,0
img_03050_p17_2024,0,1.0166972e-05,0
img_03050_p18_2024,0,0.00031843397,0
img_03050_p19_2024,0,5.005389e-06,0
img_03050_p20_2024,0,5.8111955e-06,0
img_03050_p21_2024,0,4.5999955e-06,0
img_03050_p22_2024,0,0.003971817,0
img_03050_p23_2024,0,0.00042774374,0
img_03050_p24_2024,0,5.4057073e-06,0
img_03050_p26_2024,0,2.4973231e-05,0
img_03050_p27_2024,0,0.00013413884,0
img_03529_2024,0,1.9835845e-05,0
img_03533_2024,0,0.01169818,0
img_03531_2024,0,0.00019527043,0
img_03532_2024,0,1.6675134e-06,0
img_03535_2024,0,6.0364305e-06,0
img_03534_2024,0,6.0825227e-05,0
img_03536_2024,0,2.6225083e-05,0
img_03539_2024,0,0.9944225,1
img_03538_2024,0,0.00045813798,0
img_03541_2024,0,8.1436425e-05,0
img_03542_2024,0,0.00036878648,0
img_03543_2024,0,1.1981301e-05,0
img_03544_2024,0,0.00054881576,0
img_03455_p01_2024,0,8.073716e-06,0
img_03455_p02_2024,0,8.802183e-06,0
img_03455_p03_2024,0,2.6898511e-05,0
img_03455_p04_2024,0,2.62634e-05,0
img_03520_p01_2024,0,3.6110946e-06,0
img_03520_p02_2024,0,4.8323196e-05,0
img_03546_2024,0,4.0218742e-06,0
img_03547_2024,0,3.1661413e-05,0
img_03545_2024,0,0.009597397,0
img_03554_2024,0,8.643574e-05,0
img_03548_2024,0,1.4789896e-05,0
img_03551_2024,0,0.68015414,1
img_03550_2024,0,0.00023785334,0
img_03549_2024,0,8.071755e-05,0
img_03555_2024,0,7.074679e-05,0
img_03552_2024,0,0.00012876537,0
img_03558_2024,0,2.2574402e-05,0
img_03540_2024,0,0.00023044892,0
img_03556_2024,0,3.967202e-06,0
img_03560_2024,0,6.468195e-05,0
img_03563_2024,0,8.651458e-05,0
img_03559_2024,0,1.2004095e-05,0
img_03561_2024,0,5.8694377e-06,0
img_03566_2024,0,0.03481303,0
img_03567_2024,0,1.3327407e-05,0
img_03568_2024,0,0.00014850548,0
img_03571_2024,0,1.3918236e-05,0
img_03570_2024,0,0.000167167,0
img_03562_2024,0,2.460082e-05,0
img_03569_2024,0,3.6465703e-05,0
img_03564_2024,0,1.2567478e-05,0
img_03572_2024,0,6.7460437e-06,0
img_03575_2024,0,8.761598e-06,0
img_03553_p01_2024,0,1.756786e-05,0
img_03553_p02_2024,0,4.6159516e-06,0
img_03576_2024,0,2.7989445e-06,0
img_03580_2024,0,3.1185398e-06,0
img_03574_2024,0,0.018915381,0
img_03573_2024,0,1.836465e-05,0
img_03577_2024,0,0.025457723,0
img_03578_2024,0,0.0003776352,0
img_03581_2024,0,1.9416993e-06,0
img_03583_2024,0,0.00013807333,0
img_03584_2024,0,2.0765061e-05,0
img_03495_p01_2024,0,2.3568864e-05,0
img_03495_p02_2024,0,0.00011687242,0
img_03495_p03_2024,0,6.628321e-05,0
img_03495_p04_2024,0,0.0004590192,0
img_03495_p05_2024,0,6.573138e-07,0
img_03582_2024,0,0.00014066549,0
img_03585_2024,0,8.55547e-05,0
img_03588_2024,0,3.5055048e-06,0
img_03579_2024,0,2.9795383e-05,0
img_03587_2024,0,0.00043639468,0
img_03589_2024,0,0.002101741,0
img_03593_2024,0,1.4895619e-05,0
img_03591_2024,0,9.910923e-07,0
img_03590_2024,0,0.00021421512,0
img_03598_2024,0,3.4546972e-06,0
img_03596_2024,0,4.2639374e-05,0
img_03597_2024,0,2.0458485e-05,0
img_03595_2024,0,1.5839634e-05,0
img_03594_2024,0,0.10310031,0
img_03599_2024,0,3.8854483e-05,0
img_03586_2024,0,0.0005899368,0
img_03602_2024,0,0.000601624,0
img_03537_p01_2024,0,6.6482626e-06,0
img_03537_p02_2024,0,3.1539344e-06,0
img_03537_p03_2024,0,5.4533702e-06,0
img_03537_p04_2024,0,6.528036e-05,0
img_03600_2024,0,0.013484809,0
img_03592_2024,0,2.2596503e-05,0
img_03608_2024,0,0.98868763,1
img_03604_2024,0,0.00063999544,0
img_03603_2024,0,6.6882465e-05,0
img_03601_2024,0,2.5282232e-05,0
img_03605_2024,0,0.00011203169,0
img_03607_2024,0,0.0002365279,0
img_03609_2024,0,1.4491602e-05,0
img_03606_2024,0,9.708066e-07,0
img_03614_2024,0,0.0006105667,0
img_03613_2024,0,3.321275e-07,0
img_03616_2024,0,0.0076560182,0
img_03620_2024,0,2.1758713e-05,0
img_03612_2024,0,1.797378e-05,0
img_03621_2024,0,1.8955148e-05,0
img_03619_2024,0,1.7475822e-05,0
img_03624_2024,0,8.4995554e-05,0
img_03610_2024,0,7.4098e-05,0
img_03618_2024,0,3.007727e-05,0
img_03615_2024,0,1.4362e-05,0
img_03623_2024,0,0.027020099,0
img_03622_2024,0,1.541798e-05,0
img_03625_2024,0,1.7517203e-05,0
img_03627_2024,0,8.722441e-05,0
img_03565_p01_2024,0,3.094895e-07,0
img_03565_p02_2024,0,1.5152194e-05,0
img_03565_p03_2024,0,7.845685e-07,0
img_03565_p04_2024,0,1.2600087e-06,0
img_03629_2024,0,7.8553014e-05,0
img_03626_2024,0,1.9999013e-06,0
img_03628_2024,0,0.00014237835,0
img_03631_2024,0,7.232691e-06,0
img_03632_2024,0,0.001259636,0
img_03557_p01_2024,0,1.3221587e-05,0
img_03557_p02_2024,0,0.0015512606,0
img_03557_p03_2024,0,7.684683e-06,0
img_03557_p04_2024,0,1.1106409e-05,0
img_03635_2024,0,3.457314e-06,0
img_03637_2024,0,2.0621888e-05,0
img_03634_2024,0,4.764067e-06,0
img_03638_2024,0,2.4877107e-05,0
img_03640_2024,0,0.46761337,1
img_03641_2024,0,1.6049546e-05,0
img_03630_2024,0,1.7373612e-05,0
img_03633_2024,0,9.6900885e-06,0
img_03642_2024,0,9.44017e-06,0
img_03645_2024,0,7.6047145e-06,0
img_03639_2024,0,7.558289e-06,0
img_03646_2024,0,2.2273525e-05,0
img_03617_p01_2024,0,6.3358966e-05,0
img_03617_p02_2024,0,1.8541614e-05,0
img_03648_2024,0,0.00021384002,0
img_03649_2024,0,2.0212563e-05,0
img_03650_2024,0,0.002587333,0
img_03651_2024,0,0.0011244382,0
img_03653_2024,0,0.00019948647,0
img_03652_2024,0,0.00017608322,0
img_03647_2024,0,0.0024306863,0
img_03657_2024,0,8.003845e-06,0
img_03654_2024,0,0.00010761881,0
img_03636_p01_2024,0,0.22190201,1
img_03636_p02_2024,0,0.0021119195,0
img_03643_2024,0,6.0031274e-05,0
img_03656_2024,0,0.0025442422,0
img_03611_p01_2024,0,3.0951487e-05,0
img_03611_p02_2024,0,2.1872178e-05,0
img_03611_p03_2024,0,2.5444144e-05,0
img_03660_2024,0,0.00040822753,0
img_03665_2024,0,0.023689203,0
img_03661_2024,0,0.00028404553,0
img_03662_2024,0,0.00016980003,0
img_03658_2024,0,0.0001381181,0
img_03668_2024,0,0.0018526987,0
img_03667_2024,0,2.0281661e-06,0
img_03664_2024,0,9.087951e-06,0
img_03669_2024,0,0.00012560157,0
img_03666_2024,0,0.025180178,0
img_03670_2024,0,8.407063e-06,0
img_03672_2024,0,7.980675e-06,0
img_03663_2024,0,1.0027454e-05,0
img_03673_2024,0,3.4052864e-05,0
img_03671_2024,0,8.6609657e-07,0
img_03655_p01_2024,0,1.0778604e-05,0
img_03655_p02_2024,0,7.915489e-06,0
img_03659_2024,0,9.9569246e-05,0
img_03675_2024,0,2.5049725e-05,0
img_03677_2024,0,0.0004915904,0
img_03679_2024,0,2.220318e-05,0
img_03681_2024,0,1.5510299e-05,0
img_03685_2024,0,0.0012463881,0
img_03689_2024,0,0.0002442936,0
img_03691_2024,0,4.946193e-06,0
img_03690_2024,0,0.0046218666,0
img_03687_2024,0,1.5393987e-05,0
img_03683_2024,0,6.5494005e-06,0
img_03684_2024,0,0.0013062137,0
img_03688_2024,0,2.9032313e-05,0
img_03692_2024,0,1.7837164e-06,0
img_03680_2024,0,1.3920359e-05,0
img_03686_2024,0,8.339666e-06,0
img_03676_2024,0,2.6345379e-05,0
img_03693_2024,0,8.6713703e-07,0
img_03695_2024,0,0.0003176738,0
img_03678_p01_2024,0,1.4699355e-05,0
img_03678_p02_2024,0,0.042600997,0
img_03694_2024,0,1.2576361e-05,0
img_03696_2024,0,0.00037447867,0
img_03697_2024,0,0.0015050382,0
img_03701_2024,0,3.4259988e-06,0
img_03644_p01_2024,0,6.0740945e-07,0
img_03644_p02_2024,0,4.3527297e-07,0
img_03644_p03_2024,0,8.601186e-06,0
img_03644_p04_2024,0,2.9666332e-06,0
img_03674_p01_2024,0,9.953017e-06,0
img_03674_p02_2024,0,8.8125225e-06,0
img_03705_2024,0,0.00028813796,0
img_03703_2024,0,3.900811e-05,0
img_03698_2024,0,2.8559065e-05,0
img_03707_2024,0,0.0021178408,0
img_03699_2024,0,0.004265175,0
img_03706_2024,0,5.5665045e-05,0
img_03700_2024,0,1.9968056e-05,0
img_03710_2024,0,1.7348544e-05,0
img_03704_2024,0,8.343356e-05,0
img_03712_2024,0,0.0101907365,0
img_03506_p01_2024,0,0.007863578,0
img_03506_p02_2024,0,0.0017102819,0
img_03506_p03_2024,0,0.0023567944,0
img_03506_p04_2024,0,0.00034434808,0
img_03506_p05_2024,0,0.00035555757,0
img_03506_p06_2024,0,0.0001832098,0
img_03506_p07_2024,0,0.00021715293,0
img_03506_p08_2024,0,4.9132796e-05,0
img_03506_p09_2024,0,0.0046421434,0
img_03708_2024,0,0.00032935548,0
img_03702_2024,0,0.0005866183,0
img_03711_2024,0,0.024378758,0
img_03682_p01_2024,0,1.3013912e-06,0
img_03682_p02_2024,0,9.789101e-06,0
img_03713_2024,0,0.058553267,0
img_03709_2024,0,4.3400414e-05,0
img_03715_2024,0,0.0003190402,0
img_03720_2024,0,3.3293858e-05,0
img_03718_2024,0,4.724158e-05,0
img_03717_2024,0,2.4356013e-05,0
img_03723_2024,0,8.354712e-06,0
img_03726_2024,0,0.00012768088,0
img_03721_2024,0,2.3999537e-06,0
img_03729_2024,0,3.0159845e-06,0
img_03728_2024,0,6.24724e-05,0
img_03731_2024,0,5.9256126e-06,0
img_03725_2024,0,9.8751705e-05,0
img_03733_2024,0,3.6996476e-05,0
img_03738_2024,0,0.0033808707,0
img_03735_2024,0,0.00019106916,0
img_03732_2024,0,1.06637335e-05,0
img_03724_2024,0,8.581568e-05,0
img_03739_2024,0,1.901485e-06,0
img_03737_2024,0,6.067061e-05,0
img_03740_2024,0,0.061211843,0
img_03727_2024,0,2.3223283e-05,0
img_03716_2024,0,2.755099e-06,0
img_03741_2024,0,0.0007835463,0
img_03736_2024,0,2.4113648e-05,0
img_03745_2024,0,7.6647986e-05,0
img_03719_2024,0,0.011123975,0
img_03742_2024,0,0.0012428364,0
img_03744_2024,0,1.5493639e-06,0
img_03722_2024,0,3.816313e-06,0
img_03747_2024,0,0.00040177105,0
img_03743_2024,0,0.0033113116,0
img_03746_2024,0,3.742182e-05,0
img_03749_2024,0,0.0034704118,0
img_03748_2024,0,0.00012268136,0
img_03734_p01_2024,0,8.506073e-06,0
img_03734_p02_2024,0,1.2641065e-05,0
img_03758_2024,0,0.000114284645,0
img_03752_2024,0,5.854305e-06,0
img_03751_2024,0,0.0031082828,0
img_03756_2024,0,9.133088e-06,0
img_03750_2024,0,0.00012615972,0
img_03757_2024,0,2.9190057e-06,0
img_03759_2024,0,5.626169e-05,0
img_03760_2024,0,1.7061978e-06,0
img_03753_2024,0,4.978316e-06,0
img_03754_2024,0,1.0410316e-05,0
img_03764_2024,0,2.0637804e-05,0
img_03761_2024,0,0.00051867217,0
img_03765_2024,0,0.0015856004,0
img_03768_2024,0,0.88873875,1
img_03769_2024,0,9.949411e-06,0
img_03755_2024,0,2.1218591e-05,0
img_03774_2024,0,3.1888817e-06,0
img_03766_2024,0,1.0883776e-05,0
img_03762_2024,0,0.0014491824,0
img_03773_2024,0,0.0037617274,0
img_03772_2024,0,2.9442742e-06,0
img_03776_2024,0,0.91696984,1
img_03763_2024,0,2.3425732e-06,0
img_03775_2024,0,7.582844e-05,0
img_03770_2024,0,1.3342121e-05,0
img_03777_2024,0,0.000793458,0
img_03767_2024,0,1.0282041e-06,0
img_03771_2024,0,0.0042631123,0
img_03781_2024,0,8.455667e-05,0
img_03780_2024,0,5.4006196e-05,0
img_03779_2024,0,1.2850077e-05,0
img_03784_2024,0,2.305683e-05,0
img_03782_2024,0,7.6344105e-07,0
img_03786_2024,0,1.2055456e-05,0
img_03788_2024,0,1.0667782e-05,0
img_03789_2024,0,0.0003343178,0
img_03787_2024,0,0.00013487144,0
img_03785_2024,0,9.789138e-06,0
img_03790_2024,0,5.3020594e-05,0
img_03791_2024,0,0.06014945,0
img_03793_2024,0,1.4918806e-05,0
img_03792_2024,0,0.0012977183,0
img_03797_2024,0,2.7494455e-06,0
img_03796_2024,0,6.9987465e-05,0
img_03794_2024,0,7.512947e-05,0
img_03799_2024,0,4.9368617e-05,0
img_03783_2024,0,1.0441854e-05,0
img_03798_2024,0,0.0001391707,0
img_03730_p01_2024,0,0.00012968128,0
img_03730_p02_2024,0,3.5887756e-06,0
img_03730_p03_2024,0,0.00010803524,0
img_03730_p04_2024,0,1.3721326e-05,0
img_03778_p01_2024,0,5.5060343e-07,0
img_03778_p02_2024,0,1.0097488e-05,0
img_03801_2024,0,0.0016965669,0
img_03795_2024,0,6.206997e-06,0
img_03802_2024,0,2.792767e-05,0
img_03803_2024,0,6.953994e-05,0
img_03804_2024,0,0.0010762869,0
img_03806_2024,0,2.2300454e-05,0
img_03805_2024,0,1.5842881e-05,0
img_03808_2024,0,0.00014389977,0
img_03809_2024,0,3.648786e-05,0
img_03807_2024,0,8.121935e-05,0
img_03810_2024,0,8.7460954e-05,0
img_03812_2024,0,4.145013e-06,0
img_03815_2024,0,2.0813912e-05,0
img_03811_2024,0,5.6794283e-06,0
img_03816_2024,0,0.075634815,0
img_03817_2024,0,0.062187955,0
img_03814_2024,0,5.474782e-06,0
img_03818_2024,0,3.4953532e-06,0
img_03819_2024,0,0.0007556529,0
img_03813_2024,0,3.977703e-05,0
img_03824_2024,0,1.09982675e-05,0
img_03823_2024,0,4.4930177e-05,0
img_03822_2024,0,1.0674488e-05,0
img_03826_2024,0,0.000809683,0
img_03825_2024,0,2.3783588e-05,0
img_03828_2024,0,4.1192437e-05,0
img_03830_2024,0,3.8101472e-05,0
img_03829_2024,0,0.0047346274,0
img_03833_2024,0,0.00036252424,0
img_03831_2024,0,2.5089124e-05,0
img_03827_2024,0,9.222679e-06,0
img_03838_2024,0,0.9405314,1
img_03840_2024,0,0.9462157,1
img_03837_2024,0,1.8633102e-07,0
img_03836_2024,0,1.912849e-06,0
img_03832_2024,0,5.8067417e-06,0
img_03839_2024,0,2.4973375e-05,0
img_03820_p01_2024,0,9.946089e-07,0
img_03820_p02_2024,0,5.2351723e-05,0
img_03835_2024,0,0.00044529673,0
img_03841_2024,0,2.7280536e-05,0
img_03842_2024,0,5.741911e-06,0
img_03846_2024,0,2.462799e-07,0
img_03847_2024,0,7.844945e-06,0
img_03849_2024,0,2.6410062e-06,0
img_03845_2024,0,5.3999036e-05,0
img_03848_2024,0,1.585827e-05,0
img_03850_2024,0,9.697382e-05,0
img_03852_2024,0,7.604706e-05,0
img_03858_2024,0,2.018341e-06,0
img_03853_2024,0,8.161208e-06,0
img_03855_2024,0,1.1883471e-05,0
img_03854_2024,0,5.309915e-06,0
img_03800_p01_2024,0,1.697009e-05,0
img_03800_p02_2024,0,7.177555e-05,0
img_03800_p03_2024,0,0.00012885811,0
img_03800_p04_2024,0,0.00012728931,0
img_03860_2024,0,9.1179485e-05,0
img_03851_2024,0,0.00011974989,0
img_03857_2024,0,1.4555761e-06,0
img_03843_2024,0,0.00012433036,0
img_03844_p01_2024,0,7.755171e-05,0
img_03844_p02_2024,0,0.00040369586,0
img_03856_2024,0,5.4298516e-06,0
img_03861_2024,0,0.00020988227,0
img_03863_2024,0,1.6765269e-05,0
img_03862_2024,0,0.005426573,0
img_03859_2024,0,0.0001688262,0
img_03865_2024,0,4.012265e-05,0
img_03871_2024,0,7.2555376e-06,0
img_03870_2024,0,5.3670366e-05,0
img_03868_2024,0,4.9687026e-07,0
img_03864_2024,0,6.6043987e-07,0
img_03867_2024,0,4.6783557e-06,0
img_03872_2024,0,1.2288127e-06,0
img_03869_2024,0,0.0023203008,0
img_03866_2024,0,4.1597405e-06,0
img_03875_2024,0,0.0019356322,0
img_03874_2024,0,3.7098795e-05,0
img_03873_2024,0,6.159231e-05,0
img_03876_2024,0,3.1330155e-06,0
img_03877_2024,0,9.364465e-06,0
img_03821_p01_2024,0,2.1538244e-05,0
img_03821_p02_2024,0,1.8684681e-05,0
img_03821_p03_2024,0,0.00027450675,0
img_03821_p04_2024,0,0.00039072303,0
img_03883_2024,0,0.42749763,1
img_03885_2024,0,7.1674796e-05,0
img_03878_2024,0,6.034011e-05,0
img_03714_p01_2024,0,4.055472e-05,0
img_03714_p02_2024,0,0.00036452437,0
img_03714_p03_2024,0,4.381422e-06,0
img_03714_p04_2024,0,0.00033206912,0
img_03714_p05_2024,0,4.7497804e-05,0
img_03714_p06_2024,0,7.862756e-06,0
img_03887_2024,0,5.4417537e-06,0
img_03886_2024,0,0.0074502765,0
img_03881_2024,0,8.105501e-05,0
img_03890_2024,0,5.423e-06,0
img_03888_2024,0,3.7449703e-05,0
img_03882_2024,0,2.6667176e-06,0
img_03891_2024,0,1.0553278e-05,0
img_03880_2024,0,8.340715e-05,0
img_03892_2024,0,0.0004754909,0
img_03893_2024,0,1.0576319e-05,0
img_03884_2024,0,0.0001164075,0
img_03834_p01_2024,0,0.00032630074,0
img_03834_p02_2024,0,0.00019710176,0
img_03834_p03_2024,0,2.335639e-05,0
img_03834_p04_2024,0,3.91936e-06,0
img_03889_2024,0,5.5610395e-05,0
img_03900_2024,0,6.0560296e-06,0
img_03894_2024,0,0.00024548086,0
img_03902_2024,0,6.43695e-06,0
img_03901_2024,0,2.8388944e-05,0
img_03897_2024,0,2.6968248e-05,0
img_03899_2024,0,2.2574231e-05,0
img_03898_2024,0,3.793807e-06,0
img_03903_2024,0,2.7193732e-06,0
img_03904_2024,0,0.0039386405,0
img_03895_2024,0,0.00013824472,0
img_03905_2024,0,3.308735e-06,0
img_03908_2024,0,2.3938985e-06,0
img_03907_2024,0,6.048835e-05,0
img_03909_2024,0,7.90247e-06,0
img_03906_2024,0,0.002806445,0
img_03913_2024,0,0.00017958996,0
img_03911_2024,0,1.2478075e-05,0
img_03919_2024,0,0.00021572612,0
img_03912_2024,0,0.0006993868,0
img_03916_2024,0,6.3958796e-05,0
img_03910_2024,0,0.0010358621,0
img_03920_2024,0,9.263138e-06,0
img_03915_2024,0,1.1183092e-05,0
img_03914_2024,0,3.1437627e-05,0
img_03923_2024,0,0.000561952,0
img_03925_2024,0,0.00014640477,0
img_03922_2024,0,5.272805e-05,0
img_03896_2024,0,2.6696804e-05,0
img_03924_2024,0,0.00019022859,0
img_03928_2024,0,1.4680667e-05,0
img_03926_2024,0,0.0035189812,0
img_03929_2024,0,0.00010681135,0
img_03927_2024,0,0.0004733415,0
img_03931_2024,0,1.4223393e-05,0
img_03921_2024,0,2.8046947e-05,0
img_03918_2024,0,0.0011493361,0
img_03932_2024,0,0.0002195178,0
img_03937_2024,0,0.011966645,0
img_03936_2024,0,2.7173613e-05,0
img_03939_2024,0,7.685929e-06,0
img_03934_2024,0,4.6584896e-07,0
img_03933_2024,0,4.155198e-05,0
img_03941_2024,0,0.00013306376,0
img_03935_2024,0,1.6293705e-05,0
img_03942_2024,0,4.820408e-06,0
img_03930_2024,0,0.02322037,0
img_03938_2024,0,3.4541076e-06,0
img_03947_2024,0,1.3462944e-05,0
img_03945_2024,0,7.751095e-06,0
img_03943_2024,0,0.00010450023,0
img_03952_2024,0,1.5141125e-06,0
img_03944_2024,0,2.547504e-06,0
img_03946_2024,0,1.7059441e-06,0
img_03950_2024,0,0.03679009,0
img_03954_2024,0,0.00023418205,0
img_03948_2024,0,5.3093077e-06,0
img_03951_2024,0,1.3655251e-06,0
img_03949_2024,0,0.06753043,0
img_03940_2024,0,1.0172665e-05,0
img_03953_2024,0,0.00020753195,0
img_03957_2024,0,0.21993579,1
img_03917_p01_2024,0,7.733895e-05,0
img_03917_p02_2024,0,0.002247349,0
img_03963_2024,0,1.353736e-06,0
img_03964_2024,0,5.9840433e-05,0
img_03961_2024,0,1.3567487e-06,0
img_03965_2024,0,1.1265041e-05,0
img_03962_2024,0,5.68315e-05,0
img_03956_2024,0,1.2704853e-05,0
img_03967_2024,0,2.6359627e-05,0
img_03969_2024,0,8.346175e-06,0
img_03960_2024,0,1.1261175e-05,0
img_03966_2024,0,5.134801e-06,0
img_03955_2024,0,5.0961466e-05,0
img_03968_2024,0,0.029958945,0
img_03959_2024,0,1.7573255e-05,0
img_03971_2024,0,7.749986e-06,0
img_03974_2024,0,6.4190564e-05,0
img_03972_2024,0,1.438629e-05,0
img_03975_2024,0,3.2266896e-06,0
img_03973_2024,0,1.431013e-05,0
img_03980_2024,0,0.000848031,0
img_03978_2024,0,3.6491794e-05,0
img_03976_2024,0,1.01715e-05,0
img_03984_2024,0,0.00034894957,0
img_03977_2024,0,0.00040493094,0
img_03981_2024,0,0.0011129535,0
img_03982_2024,0,6.728208e-06,0
img_03979_2024,0,0.00011907262,0
img_03970_2024,0,7.445412e-06,0
img_03986_2024,0,4.3763826e-05,0
img_03987_2024,0,5.673652e-06,0
img_03988_2024,0,0.0028315103,0
img_03985_2024,0,1.589628e-07,0
img_03958_p01_2024,0,0.00011007687,0
img_03958_p02_2024,0,5.77235e-05,0
img_03994_2024,0,0.0002482992,0
img_03992_2024,0,0.0046414845,0
img_03995_2024,0,8.078476e-06,0
img_03997_2024,0,1.1459278e-05,0
img_04003_2024,0,2.0019736e-06,0
img_03993_2024,0,0.0006026272,0
img_04000_2024,0,3.894396e-05,0
img_04001_2024,0,2.8464422e-06,0
img_03998_2024,0,0.00020308279,0
img_03991_2024,0,0.00020264546,0
img_04002_2024,0,4.6171403e-06,0
img_03999_2024,0,0.00022955071,0
img_04004_2024,0,1.5156602e-05,0
img_04006_2024,0,1.6450102e-05,0
img_04007_2024,0,2.3949053e-05,0
img_04005_2024,0,1.352555e-05,0
img_04010_2024,0,0.0021762613,0
img_04013_2024,0,1.684264e-05,0
img_04014_2024,0,3.8215135e-06,0
img_04015_2024,0,1.4528605e-05,0
img_04008_2024,0,2.3223105e-05,0
img_03990_p01_2024,0,1.3977186e-05,0
img_03990_p02_2024,0,0.00011118497,0
img_04018_2024,0,3.441793e-05,0
img_04016_2024,0,8.799632e-06,0
img_04011_2024,0,0.00012717332,0
img_04009_2024,0,1.942624e-05,0
img_04020_2024,0,0.015201694,0
img_04022_2024,0,8.394231e-05,0
img_04019_2024,0,0.00051149185,0
img_04025_2024,0,1.4837448e-05,0
img_04017_2024,0,6.0869206e-05,0
img_04024_2024,0,2.0220227e-06,0
img_04021_2024,0,2.1642305e-05,0
img_04029_2024,0,6.363126e-05,0
img_04028_2024,0,4.2675124e-06,0
img_04026_2024,0,5.9197984e-05,0
img_04030_2024,0,1.2294868e-06,0
img_04023_2024,0,7.902726e-05,0
img_04031_2024,0,2.539537e-05,0
img_04012_p01_2024,0,1.7149816e-05,0
img_04012_p02_2024,0,0.00037406725,0
img_04032_2024,0,2.7508762e-05,0
img_04036_2024,0,1.694407e-05,0
img_04033_2024,0,3.5984815e-06,0
img_04037_2024,0,5.627336e-06,0
img_04035_2024,0,0.00015403079,0
img_04027_2024,0,2.774223e-05,0
img_04039_2024,0,1.4079649e-06,0
img_04038_2024,0,4.6290086e-05,0
img_04043_2024,0,1.5670622e-06,0
img_04040_2024,0,2.6259944e-05,0
img_04042_2024,0,0.00010434021,0
img_04044_2024,0,0.001199509,0
img_04046_2024,0,0.0032526446,0
img_03879_p01_2024,0,2.418979e-05,0
img_03879_p02_2024,0,4.0315167e-06,0
img_03879_p03_2024,0,2.7752945e-05,0
img_03879_p04_2024,0,1.8496985e-05,0
img_03879_p05_2024,0,8.387715e-06,0
img_03879_p06_2024,0,3.8447157e-05,0
img_04045_2024,0,2.055178e-05,0
img_04047_2024,0,0.0045030457,0
img_04048_2024,0,0.21697119,1
img_04050_2024,0,1.0314438e-05,0
img_04054_2024,0,0.0003964726,0
img_04049_2024,0,5.2189657e-06,0
img_04051_2024,0,0.00022847336,0
img_04053_2024,0,1.9976749e-06,0
img_04057_2024,0,9.428735e-06,0
img_04052_2024,0,0.00046197983,0
img_04056_2024,0,2.919813e-06,0
img_04055_2024,0,4.0520154e-06,0
img_04058_2024,0,0.00065958756,0
img_04059_2024,0,1.8754341e-05,0
img_03996_p01_2024,0,2.4048151e-05,0
img_03996_p02_2024,0,1.3153235e-05,0
img_03996_p03_2024,0,4.28028e-07,0
img_03996_p04_2024,0,5.5820747e-06,0
img_04062_2024,0,2.9283322e-06,0
img_04061_2024,0,7.646105e-07,0
img_04063_2024,0,6.4250153e-06,0
img_04066_2024,0,5.9613667e-06,0
img_04065_2024,0,1.6482292e-05,0
img_04067_2024,0,2.6820848e-05,0
img_04064_2024,0,3.1777025e-05,0
img_04070_2024,0,1.2386912e-05,0
img_04072_2024,0,3.0026624e-06,0
img_04073_2024,0,3.8025755e-05,0
img_04075_2024,0,3.417294e-05,0
img_03983_p01_2024,0,9.628926e-07,0
img_03983_p02_2024,0,2.1176675e-06,0
img_03983_p03_2024,0,1.0232875e-06,0
img_03983_p04_2024,0,4.147868e-06,0
img_04071_2024,0,8.588772e-05,0
img_04074_2024,0,1.4156705e-05,0
img_04077_2024,0,0.00035504746,0
img_04068_2024,0,3.7166164e-06,0
img_04069_2024,0,8.3769344e-05,0
img_04076_2024,0,0.018826354,0
img_04082_2024,0,0.001469247,0
img_04078_2024,0,2.011525e-06,0
img_04086_2024,0,0.00046024928,0
img_04081_2024,0,1.9449688e-05,0
img_04087_2024,0,0.00019552848,0
img_04079_2024,0,0.0008100843,0
img_04085_2024,0,0.072973594,0
img_04080_2024,0,8.940269e-05,0
img_04089_2024,0,3.9792394e-06,0
img_04088_2024,0,0.0007403564,0
img_04083_2024,0,3.1961383e-05,0
img_04084_2024,0,0.00011180245,0
img_04090_2024,0,0.19061017,0
img_04092_2024,0,1.24295475e-05,0
img_04091_2024,0,0.0002548698,0
img_04094_2024,0,0.00014861555,0
img_04093_2024,0,0.00042046735,0
img_04096_2024,0,3.7590496e-06,0
img_04095_2024,0,9.897042e-05,0
img_04098_2024,0,0.03567756,0
img_04097_2024,0,1.0128755e-06,0
img_04099_2024,0,0.00023258058,0
img_04101_2024,0,7.422307e-06,0
img_04104_2024,0,8.742634e-06,0
img_04103_2024,0,1.1103475e-05,0
img_04105_2024,0,2.6884607e-06,0
img_04107_2024,0,0.03498429,0
img_04102_2024,0,2.5912984e-06,0
img_04106_2024,0,0.000301503,0
img_04109_2024,0,9.130745e-06,0
img_04111_2024,0,3.46366e-05,0
img_04108_2024,0,0.005078543,0
img_04113_2024,0,2.4079154e-05,0
img_04112_2024,0,0.00010913861,0
img_04110_2024,0,7.941613e-06,0
img_04115_2024,0,1.7331164e-05,0
img_04116_2024,0,1.2718261e-05,0
img_03989_p01_2024,0,1.4998373e-06,0
img_03989_p02_2024,0,1.3925878e-06,0
img_03989_p03_2024,0,4.302131e-06,0
img_03989_p04_2024,0,1.8693416e-06,0
img_03989_p05_2024,0,2.3936336e-06,0
img_03989_p06_2024,0,2.9022594e-06,0
img_03989_p07_2024,0,1.7183078e-06,0
img_04121_2024,0,2.2509545e-05,0
img_04120_2024,0,0.0037873858,0
img_04123_2024,0,9.270862e-05,0
img_04124_2024,0,0.0003776246,0
img_04118_2024,0,1.879296e-05,0
img_04114_2024,0,6.3976727e-06,0
img_04117_2024,0,0.00053663534,0
img_04128_2024,0,2.0017113e-05,0
img_04125_2024,0,2.5277948e-06,0
img_04132_2024,0,4.0531168e-06,0
img_04126_2024,0,7.0416777e-06,0
img_04119_2024,0,2.250074e-06,0
img_04041_p01_2024,0,0.0015774567,0
img_04041_p02_2024,0,8.777519e-05,0
img_04041_p03_2024,0,0.04217404,0
img_04041_p04_2024,0,1.3249508e-05,0
img_04041_p05_2024,0,5.7053756e-05,0
img_04138_2024,0,1.6273501e-05,0
img_04133_2024,0,8.093382e-05,0
img_04127_2024,0,0.95168465,1
img_04131_2024,0,0.0001803087,0
img_04139_2024,0,6.827185e-05,0
img_04135_2024,0,0.0007207175,0
img_04146_2024,0,0.00047816554,0
img_04147_2024,0,0.0003579108,0
img_04136_2024,0,6.875953e-05,0
img_04141_2024,0,7.885931e-05,0
img_04143_2024,0,7.5790194e-05,0
img_04129_2024,0,0.00013881881,0
img_04144_2024,0,1.5721018e-05,0
img_04134_2024,0,0.034751352,0
img_04145_2024,0,4.877106e-05,0
img_04152_2024,0,0.00012850962,0
img_04137_2024,0,5.5002977e-07,0
img_04150_2024,0,1.6967615e-05,0
img_04151_2024,0,0.0018168715,0
img_04130_2024,0,5.6553996e-05,0
img_04149_2024,0,0.00017975115,0
img_04157_2024,0,0.00020520325,0
img_04155_2024,0,0.00034606236,0
img_04100_p01_2024,0,9.2063865e-06,0
img_04100_p02_2024,0,2.1001433e-05,0
img_04148_2024,0,2.52084e-06,0
img_04142_2024,0,0.1311899,0
img_04153_2024,0,1.8902134e-05,0
img_04159_2024,0,1.3037007e-05,0
img_04122_p01_2024,0,0.0079081105,0
img_04122_p02_2024,0,0.00015885843,0
img_04122_p03_2024,0,1.8388148e-06,0
img_04154_2024,0,2.302561e-06,0
img_04158_2024,0,1.3531007e-05,0
img_04140_2024,0,5.225076e-06,0
img_04160_2024,0,4.2273045e-05,0
img_04156_2024,0,1.45631175e-05,0
img_04165_2024,0,0.00038292108,0
img_04162_2024,0,3.962536e-05,0
img_04168_2024,0,1.5505639e-05,0
img_04169_2024,0,4.723924e-05,0
img_04166_2024,0,1.2247939e-05,0
img_04161_2024,0,3.2572361e-06,0
img_04167_2024,0,1.3875614e-05,0
img_04170_2024,0,7.537705e-05,0
img_04171_2024,0,0.0005294949,0
img_04163_2024,0,0.0004329277,0
img_04164_2024,0,1.7491745e-06,0
img_04172_2024,0,3.2980377e-05,0
img_04179_2024,0,7.559271e-05,0
img_04175_2024,0,2.7599222e-06,0
img_04185_2024,0,1.8681065e-05,0
img_04180_2024,0,8.11383e-06,0
img_04184_2024,0,2.679628e-05,0
img_04186_2024,0,2.0485368e-05,0
img_04181_2024,0,0.000101798694,0
img_04187_2024,0,4.553234e-06,0
img_04178_2024,0,0.00037971872,0
img_04188_2024,0,0.008938733,0
img_04173_2024,0,5.388326e-06,0
img_04183_2024,0,0.028032456,0
img_04174_2024,0,2.694377e-06,0
img_04182_2024,0,7.2665265e-05,0
img_04191_2024,0,0.003922585,0
img_04189_2024,0,1.0215022e-05,0
img_04193_2024,0,0.0015963576,0
img_04177_2024,0,8.1227645e-06,0
img_04190_2024,0,0.000100357465,0
img_04196_2024,0,2.4695219e-05,0
img_04034_p01_2024,0,8.21682e-06,0
img_04034_p02_2024,0,5.078957e-05,0
img_04034_p03_2024,0,6.6114144e-06,0
img_04034_p04_2024,0,9.3412655e-06,0
img_04034_p05_2024,0,2.2753816e-06,0
img_04034_p06_2024,0,6.201015e-06,0
img_04192_2024,0,2.6851299e-06,0
img_04195_2024,0,0.00016069238,0
img_04197_2024,0,0.007858878,0
img_04204_2024,0,0.00012526904,0
img_04203_2024,0,0.94822294,1
img_04211_2024,0,3.8481853e-06,0
img_04205_2024,0,0.0008375803,0
img_04208_2024,0,6.040076e-06,0
img_04207_2024,0,3.063566e-05,0
img_04212_2024,0,0.00013401674,0
img_04206_2024,0,9.735512e-06,0
img_04198_2024,0,0.011207785,0
img_04214_2024,0,1.9069986e-06,0
img_04209_2024,0,1.25997585e-05,0
img_04200_2024,0,0.00013800712,0
img_04213_2024,0,9.2007576e-05,0
img_04194_2024,0,0.00063413364,0
img_04210_2024,0,5.5044293e-06,0
img_04216_2024,0,7.16854e-05,0
img_04199_2024,0,1.0079284e-05,0
img_04215_2024,0,0.00036992787,0
img_04217_2024,0,2.3371073e-05,0
img_04218_2024,0,1.728109e-05,0
img_04201_2024,0,3.3677989e-06,0
img_04223_2024,0,0.00027188723,0
img_04219_2024,0,0.0026076734,0
img_04176_2024,0,1.174872e-06,0
img_04221_2024,0,2.7388141e-05,0
img_04222_2024,0,0.012643425,0
img_04220_2024,0,0.008170781,0
img_04227_2024,0,9.269376e-06,0
img_04225_2024,0,0.00057615933,0
img_04228_2024,0,5.3871854e-06,0
img_04202_2024,0,1.1090057e-06,0
img_04231_2024,0,8.836617e-06,0
img_04226_2024,0,0.007065073,0
img_04232_2024,0,9.708041e-06,0
img_04230_2024,0,5.1561066e-05,0
img_04234_2024,0,1.380344e-06,0
img_04229_2024,0,1.2474212e-06,0
img_04224_2024,0,0.0001855264,0
img_04233_2024,0,1.6080723e-05,0
img_04235_2024,0,0.00012012136,0
img_04238_2024,0,0.002649471,0
img_04242_2024,0,3.5231245e-05,0
img_04236_2024,0,0.00010363351,0
img_04254_2024,0,1.5298814e-05,0
img_04250_2024,0,5.9949984e-06,0
img_04246_2024,0,0.0004917282,0
img_04249_2024,0,0.00017613899,0
img_04247_2024,0,8.206787e-06,0
img_04243_2024,0,0.0060629076,0
img_04240_2024,0,2.8598803e-05,0
img_04252_2024,0,0.000113829155,0
img_04245_2024,0,0.00011732833,0
img_04239_2024,0,0.000698657,0
img_04241_2024,0,9.1017855e-06,0
img_04251_2024,0,0.00086526957,0
img_04257_2024,0,3.2496498e-06,0
img_04256_2024,0,0.9621154,1
img_04244_2024,0,0.6863965,1
img_04253_2024,0,5.7907323e-06,0
img_04255_2024,0,7.8296354e-05,0
img_04248_2024,0,1.8442926e-05,0
img_04259_2024,0,2.179882e-06,0
img_04258_2024,0,5.657492e-06,0
img_04266_2024,0,3.4872123e-06,0
img_04260_2024,0,0.00036641012,0
img_04267_2024,0,1.4543589e-05,0
img_04268_2024,0,1.11430645e-05,0
img_04265_2024,0,0.0035839295,0
img_04271_2024,0,0.04373974,0
img_04264_2024,0,0.00011874391,0
img_04272_2024,0,0.00034494558,0
img_04276_2024,0,0.0002456869,0
img_04274_2024,0,5.4405766e-05,0
img_04262_2024,0,0.00021014741,0
img_04275_2024,0,5.788369e-06,0
img_04270_2024,0,1.182815e-05,0
img_04277_2024,0,0.00023952329,0
img_04261_2024,0,4.619338e-05,0
img_04278_2024,0,6.3646885e-06,0
img_04263_2024,0,7.4800278e-06,0
img_04281_2024,0,5.7836396e-06,0
img_04282_2024,0,2.2111628e-06,0
img_04283_2024,0,1.2601838e-05,0
img_04292_2024,0,1.7910403e-05,0
img_04273_2024,0,1.5966025e-05,0
img_04279_2024,0,0.0004733379,0
img_04289_2024,0,0.0012076193,0
img_04287_2024,0,1.0151838e-05,0
img_04290_2024,0,0.00071582705,0
img_04288_2024,0,3.9054714e-05,0
img_04284_2024,0,6.3729516e-05,0
img_04285_2024,0,1.9047893e-05,0
img_04291_2024,0,0.00010912082,0
img_04293_2024,0,1.9857194e-05,0
img_04286_2024,0,2.6971282e-05,0
img_04294_2024,0,3.208941e-05,0
img_04299_2024,0,4.6945803e-05,0
img_04280_2024,0,3.0732556e-06,0
img_04295_2024,0,0.0090135215,0
img_04307_2024,0,6.255687e-05,0
img_04302_2024,0,0.023931324,0
img_04309_2024,0,0.15422444,0
img_04305_2024,0,0.083731234,0
img_04297_2024,0,3.3959077e-05,0
img_04306_2024,0,4.2559874e-05,0
img_04303_2024,0,0.00012756538,0
img_04301_2024,0,0.0023568773,0
img_04304_2024,0,0.00016028044,0
img_04300_2024,0,9.757611e-05,0
img_04298_2024,0,0.000181977,0
img_04313_2024,0,6.3373e-06,0
img_04311_2024,0,0.4410503,1
img_04296_p01_2024,0,0.0003446333,0
img_04296_p02_2024,0,1.642397e-05,0
img_04317_2024,0,9.167801e-05,0
img_04320_2024,0,1.69538e-05,0
img_04318_2024,0,7.957905e-06,0
img_04314_2024,0,0.0030021814,0
img_04312_2024,0,0.007047112,0
img_04237_p01_2024,0,1.1787633e-05,0
img_04237_p02_2024,0,0.0006149339,0
img_04237_p03_2024,0,0.00015441196,0
img_04237_p04_2024,0,0.00011656357,0
img_04322_2024,0,0.0001472508,0
img_04315_2024,0,9.94832e-06,0
img_04323_2024,0,7.846575e-07,0
img_04321_2024,0,2.2698248e-05,0
img_04327_2024,0,0.00012791534,0
img_04328_2024,0,0.000577314,0
img_04324_2024,0,0.00067665585,0
img_04329_2024,0,0.0006662291,0
img_04326_2024,0,1.4496025e-05,0
img_04331_2024,0,1.6995209e-05,0
img_04330_2024,0,0.000856138,0
img_04325_2024,0,0.045968696,0
img_04333_2024,0,0.009855085,0
img_04332_2024,0,9.644835e-07,0
img_04334_2024,0,2.2109807e-05,0
img_04316_p01_2024,0,2.2424165e-05,0
img_04316_p02_2024,0,1.1968887e-05,0
img_04338_2024,0,2.3347371e-05,0
img_04336_2024,0,1.7276625e-05,0
img_04342_2024,0,0.0024673622,0
img_04341_2024,0,0.04174506,0
img_04345_2024,0,3.0196685e-05,0
img_04339_2024,0,0.0050932392,0
img_04344_2024,0,4.836058e-05,0
img_04335_2024,0,0.00024588307,0
img_04348_2024,0,6.578731e-05,0
img_04349_2024,0,3.4672787e-05,0
img_04343_2024,0,0.0017621197,0
img_04350_2024,0,1.0416324e-05,0
img_04352_2024,0,3.4948932e-06,0
img_04346_2024,0,4.5404768e-06,0
img_04353_2024,0,2.498767e-05,0
img_04358_2024,0,3.2549688e-05,0
img_04355_2024,0,1.0022664e-05,0
img_04308_p01_2024,0,3.829558e-06,0
img_04308_p02_2024,0,2.7645674e-05,0
img_04308_p03_2024,0,5.8404644e-06,0
img_04308_p04_2024,0,1.0770904e-06,0
img_04354_2024,0,0.00011024893,0
img_04356_2024,0,0.00015683648,0
img_04359_2024,0,0.0010097307,0
img_04357_2024,0,6.2005956e-06,0
img_04351_2024,0,0.00057598914,0
img_04362_2024,0,4.5993027e-05,0
img_04360_2024,0,6.1304086e-06,0
img_04361_2024,0,6.198757e-05,0
img_04364_2024,0,1.15055755e-05,0
img_04363_2024,0,7.447755e-06,0
img_04366_2024,0,1.4406803e-05,0
img_04369_2024,0,1.360192e-05,0
img_04368_2024,0,0.06955753,0
img_04371_2024,0,0.00253594,0
img_04367_2024,0,0.28327775,1
img_04319_p01_2024,0,3.8170827e-05,0
img_04319_p02_2024,0,2.8269666e-05,0
img_04319_p03_2024,0,2.3547678e-05,0
img_04319_p04_2024,0,4.6194175e-05,0
img_04372_2024,0,4.740924e-05,0
img_04374_2024,0,8.1653815e-07,0
img_04370_2024,0,1.8055874e-06,0
img_04375_2024,0,0.0001686489,0
img_04380_2024,0,0.00016601456,0
img_04379_2024,0,1.403423e-06,0
img_04377_2024,0,0.00060208526,0
img_04376_2024,0,0.0021823957,0
img_04373_2024,0,7.1886626e-07,0
img_04381_2024,0,0.0019121525,0
img_04385_2024,0,0.014823812,0
img_04382_2024,0,0.0001505377,0
img_04387_2024,0,0.9683787,1
img_04386_2024,0,7.269985e-05,0
img_04388_2024,0,1.473404e-06,0
img_04393_2024,0,4.6743735e-06,0
img_04389_2024,0,0.00015232411,0
img_04390_2024,0,0.0018626084,0
img_04392_2024,0,0.0006490685,0
img_04391_2024,0,1.4449471e-05,0
img_04394_2024,0,0.028155154,0
img_04384_2024,0,8.92102e-06,0
img_04397_2024,0,0.012719468,0
img_04395_2024,0,0.00021217385,0
img_04398_2024,0,3.0308824e-05,0
img_04400_2024,0,0.00024914937,0
img_04378_p01_2024,0,8.325887e-05,0
img_04378_p02_2024,0,2.0574842e-05,0
img_04399_2024,0,6.3649254e-06,0
img_04401_2024,0,6.970971e-05,0
img_04402_2024,0,2.8703658e-07,0
img_04404_2024,0,0.00080523646,0
img_04347_p01_2024,0,9.49125e-07,0
img_04347_p02_2024,0,0.0013918808,0
img_04347_p03_2024,0,0.00020102027,0
img_04347_p04_2024,0,2.282865e-05,0
img_04383_p01_2024,0,5.205887e-06,0
img_04383_p02_2024,0,8.682766e-07,0
img_04406_2024,0,1.0186741e-05,0
img_04403_2024,0,0.0009797912,0
img_04405_2024,0,3.7057704e-05,0
img_04409_2024,0,0.00012600367,0
img_04410_2024,0,4.29291e-05,0
img_04412_2024,0,4.6372675e-06,0
img_04408_2024,0,0.00029290444,0
img_04413_2024,0,0.000106180305,0
img_04415_2024,0,0.0057877456,0
img_04414_2024,0,0.0006304594,0
img_04407_2024,0,0.8070039,1
img_04416_2024,0,1.5471933e-05,0
img_04365_p01_2024,0,0.018685322,0
img_04365_p02_2024,0,0.021724075,0
img_04365_p03_2024,0,0.44404948,1
img_04365_p04_2024,0,0.0049815606,0
img_04419_2024,0,9.2431605e-07,0
img_04411_2024,0,2.0738345e-05,0
img_04418_2024,0,1.9278907e-05,0
img_04417_2024,0,3.9702104e-06,0
img_04269_p01_2024,0,5.8623e-06,0
img_04269_p02_2024,0,1.4251744e-05,0
img_04269_p03_2024,0,1.0214018e-05,0
img_04269_p04_2024,0,2.762329e-06,0
img_04269_p05_2024,0,9.031981e-06,0
img_04269_p06_2024,0,1.4190349e-05,0
img_04269_p07_2024,0,1.2112062e-05,0
img_04269_p08_2024,0,1.4212993e-05,0
img_04420_2024,0,4.2300844e-06,0
img_04421_2024,0,1.7655482e-05,0
img_04426_2024,0,0.0010517035,0
img_04423_2024,0,0.00093485665,0
img_04396_p01_2024,0,4.308793e-07,0
img_04396_p02_2024,0,1.8054006e-05,0
img_04429_2024,0,6.2133045e-06,0
img_04340_p01_2024,0,1.8196741e-06,0
img_04340_p02_2024,0,3.1090997e-06,0
img_04340_p03_2024,0,2.1285698e-05,0
img_04340_p04_2024,0,2.2438455e-05,0
img_04340_p05_2024,0,6.900557e-06,0
img_04340_p06_2024,0,0.0018236466,0
img_04425_2024,0,7.546652e-05,0
img_04430_2024,0,4.360735e-05,0
img_04432_2024,0,9.227178e-05,0
img_04433_2024,0,6.410621e-05,0
img_04427_2024,0,0.007821652,0
img_04435_2024,0,0.0001038977,0
img_04434_2024,0,3.3900447e-05,0
img_04422_2024,0,5.6903204e-06,0
img_04436_2024,0,7.164822e-06,0
img_04438_2024,0,4.1996922e-05,0
img_04441_2024,0,8.875958e-06,0
img_04437_2024,0,0.0010837328,0
img_04439_2024,0,4.050802e-06,0
img_04440_2024,0,3.6139692e-05,0
img_04442_2024,0,7.9762096e-08,0
img_04446_2024,0,2.0781186e-05,0
img_04445_2024,0,1.8231298e-05,0
img_04444_2024,0,0.0006286252,0
img_04431_2024,0,2.3123578e-06,0
img_04447_2024,0,0.00082730025,0
img_04448_2024,0,1.0738927e-05,0
img_04451_2024,0,4.109957e-06,0
img_04443_2024,0,4.647397e-06,0
img_04449_2024,0,2.1800066e-05,0
img_04454_2024,0,0.00020307949,0
img_04450_2024,0,6.7931884e-05,0
img_04457_2024,0,0.000112702866,0
img_04458_2024,0,8.073826e-05,0
img_04453_2024,0,2.6324542e-06,0
img_04455_2024,0,1.578055e-06,0
img_04459_2024,0,0.010012346,0
img_04452_2024,0,0.00088244025,0
img_04456_2024,0,3.253721e-05,0
img_04463_2024,0,0.05090198,0
img_04465_2024,0,4.1388826e-06,0
img_04460_2024,0,2.2553784e-06,0
img_04462_2024,0,7.102208e-06,0
img_04428_p01_2024,0,4.7504836e-06,0
img_04428_p02_2024,0,3.8518614e-05,0
img_04428_p03_2024,0,2.3201148e-05,0
img_04467_2024,0,4.1806393e-06,0
img_04468_2024,0,0.0005289516,0
img_04466_2024,0,0.99124664,1
img_04471_2024,0,2.5771698e-05,0
img_04469_2024,0,7.407019e-06,0
img_04475_2024,0,1.1968328e-05,0
img_04461_2024,0,1.7752922e-06,0
img_04474_2024,0,3.1506057e-05,0
img_04476_2024,0,1.6284567e-06,0
img_04473_2024,0,0.0015352338,0
img_04470_2024,0,8.9343455e-05,0
img_04479_2024,0,0.00011888634,0
img_04480_2024,0,0.0028345196,0
img_04482_2024,0,0.000119601886,0
img_04483_2024,0,0.00016456805,0
img_04478_2024,0,3.3148157e-05,0
img_04477_2024,0,0.00016103598,0
img_04481_2024,0,4.8935312e-06,0
img_04484_2024,0,2.363866e-06,0
img_04485_2024,0,0.0056005293,0
img_04486_2024,0,0.008731307,0
img_04487_2024,0,7.321071e-05,0
img_04489_2024,0,3.78225e-05,0
img_04464_p01_2024,0,3.610163e-05,0
img_04464_p02_2024,0,0.0014308058,0
img_04488_2024,0,4.3997534e-05,0
img_04490_2024,0,1.7712417e-05,0
img_04491_2024,0,1.5099438e-06,0
img_04493_2024,0,8.188182e-06,0
img_04496_2024,0,0.0032318132,0
img_04495_2024,0,0.00013545231,0
img_04492_2024,0,0.00012572955,0
img_04505_2024,0,1.592307e-05,0
img_04497_2024,0,7.901883e-06,0
img_04500_2024,0,8.24845e-05,0
img_04498_2024,0,8.493403e-06,0
img_04494_2024,0,0.00020952418,0
img_04502_2024,0,7.778775e-06,0
img_04504_2024,0,2.6050748e-05,0
img_04506_2024,0,3.1495008e-06,0
img_04508_2024,0,0.0019960392,0
img_04503_2024,0,8.229178e-06,0
img_04515_2024,0,2.2479577e-05,0
img_04507_2024,0,0.0001205065,0
img_04516_2024,0,4.6388544e-05,0
img_04511_2024,0,3.9630613e-05,0
img_04518_2024,0,0.0020053247,0
img_04512_2024,0,4.776694e-05,0
img_04514_2024,0,2.4155557e-05,0
img_04513_2024,0,3.7226075e-06,0
img_04509_2024,0,4.596417e-06,0
img_04424_p01_2024,0,7.291689e-05,0
img_04424_p02_2024,0,0.0001716473,0
img_04424_p03_2024,0,3.0182087e-05,0
img_04424_p04_2024,0,0.009401583,0
img_04510_2024,0,3.4118588e-05,0
img_04517_2024,0,8.2882116e-07,0
img_04521_2024,0,2.1717044e-06,0
img_04519_2024,0,1.2619685e-05,0
img_04523_2024,0,7.4240343e-06,0
img_04526_2024,0,0.005677685,0
img_04524_2024,0,1.4122977e-06,0
img_04527_2024,0,0.00017731044,0
img_04499_2024,0,5.5863344e-05,0
img_04529_2024,0,1.6825508e-05,0
img_04534_2024,0,0.0002903493,0
img_04531_2024,0,0.00024369084,0
img_04537_2024,0,0.00037833085,0
img_04501_2024,0,1.5918818e-05,0
img_04532_2024,0,1.2007461e-05,0
img_04536_2024,0,1.1117324e-05,0
img_04535_2024,0,1.7629034e-05,0
img_04540_2024,0,1.4536171e-05,0
img_04530_2024,0,2.7418038e-05,0
img_04538_2024,0,0.042256292,0
img_04539_2024,0,4.6750956e-06,0
img_04310_p01_2024,0,0.0008349088,0
img_04310_p02_2024,0,1.653677e-05,0
img_04310_p03_2024,0,0.00022319387,0
img_04310_p04_2024,0,0.00040048853,0
img_04310_p05_2024,0,8.2254825e-05,0
img_04310_p06_2024,0,0.00015867631,0
img_04310_p07_2024,0,2.581181e-06,0
img_04310_p08_2024,0,7.944915e-07,0
img_04310_p09_2024,0,9.4453035e-06,0
img_04310_p10_2024,0,0.0002536369,0
img_04310_p11_2024,0,4.1562995e-05,0
img_04310_p12_2024,0,0.00013316047,0
img_04310_p14_2024,0,1.4123557e-06,0
img_04543_2024,0,1.1859727e-06,0
img_04545_2024,0,1.584116e-05,0
img_04541_2024,0,0.7878737,1
img_04546_2024,0,0.047201093,0
img_04544_2024,0,8.467555e-06,0
img_04542_2024,0,1.87375e-05,0
img_04548_2024,0,0.00019399439,0
img_04528_p01_2024,0,0.12673925,0
img_04528_p02_2024,0,0.0033410357,0
img_04547_2024,0,0.00023267641,0
img_04550_2024,0,8.044518e-06,0
img_04549_2024,0,4.7886977e-05,0
img_04553_2024,0,0.00047223934,0
img_04552_2024,0,0.04901438,0
img_04554_2024,0,0.0025997162,0
img_04551_2024,0,0.054840147,0
img_04555_2024,0,0.00047505464,0
img_04556_2024,0,0.00025623696,0
img_04557_2024,0,3.5570294e-05,0
img_04560_2024,0,8.022291e-05,0
img_04558_2024,0,0.00048439225,0
img_04561_2024,0,0.006388342,0
img_04564_2024,0,0.0006690131,0
img_04563_2024,0,6.3496655e-06,0
img_04562_2024,0,4.4909225e-06,0
img_04567_2024,0,0.008748233,0
img_04565_2024,0,1.467427e-05,0
img_04568_2024,0,9.672456e-05,0
img_04566_2024,0,7.632192e-06,0
img_04569_2024,0,2.6015123e-06,0
img_04570_2024,0,0.0073052705,0
img_04571_2024,0,1.2453872e-05,0
img_04573_2024,0,4.1817122e-05,0
img_04559_2024,0,5.151399e-06,0
img_04520_p01_2024,0,5.96027e-06,0
img_04520_p02_2024,0,1.7341198e-06,0
img_04520_p03_2024,0,1.8540322e-05,0
img_04520_p04_2024,0,8.364932e-06,0
img_04572_2024,0,0.0001574693,0
img_04577_2024,0,6.8328845e-06,0
img_04533_p01_2024,0,0.018400738,0
img_04533_p02_2024,0,0.0014304052,0
img_04533_p03_2024,0,0.009500141,0
img_04575_2024,0,0.00083886896,0
img_04576_2024,0,0.019157887,0
img_04337_p01_2024,0,2.9086325e-05,0
img_04337_p02_2024,0,0.00022695355,0
img_04337_p03_2024,0,0.0054922584,0
img_04337_p04_2024,0,0.00017501379,0
img_04337_p05_2024,0,8.132413e-05,0
img_04337_p06_2024,0,2.95091e-05,0
img_04337_p07_2024,0,0.02777216,0
img_04337_p08_2024,0,3.826714e-06,0
img_04337_p09_2024,0,2.079552e-05,0
img_04337_p10_2024,0,0.009757076,0
img_04337_p11_2024,0,0.00033415653,0
img_04574_2024,0,1.47634455e-05,0
img_04581_2024,0,0.0023332993,0
img_04578_2024,0,0.03235899,0
img_04580_2024,0,1.43076995e-05,0
img_04582_2024,0,2.3906929e-05,0
img_04584_2024,0,0.00018722797,0
img_04585_2024,0,5.057118e-06,0
img_04579_2024,0,1.0247845e-05,0
img_04583_2024,0,0.0005634132,0
img_04586_2024,0,0.011013072,0
img_04522_p01_2024,0,4.4900103e-06,0
img_04522_p02_2024,0,6.739299e-06,0
img_04522_p03_2024,0,5.224339e-06,0
img_04522_p04_2024,0,2.9008985e-05,0
img_04589_2024,0,0.0011206415,0
img_04588_2024,0,1.1828804e-05,0
img_04590_2024,0,0.9814185,1
img_04594_2024,0,0.00025445828,0
img_04595_2024,0,0.81828564,1
img_04591_2024,0,1.9350062e-05,0
img_04596_2024,0,0.00022411424,0
img_04525_p01_2024,0,4.420197e-06,0
img_04525_p02_2024,0,0.00015689482,0
img_04525_p03_2024,0,4.0706836e-06,0
img_04525_p04_2024,0,2.3105937e-05,0
img_04525_p05_2024,0,2.882263e-05,0
img_04593_2024,0,0.0004910914,0
img_04597_2024,0,0.5052139,1
img_04604_2024,0,8.84181e-05,0
img_04602_2024,0,2.7915469e-06,0
img_04599_2024,0,2.8530164e-06,0
img_04603_2024,0,0.97392815,1
img_04592_2024,0,2.3372265e-06,0
img_04606_2024,0,2.293164e-05,0
img_04598_2024,0,8.815154e-06,0
img_04601_2024,0,5.9237145e-06,0
img_04607_2024,0,5.7444086e-06,0
img_04610_2024,0,2.2629558e-06,0
img_04613_2024,0,0.0060152425,0
img_04608_2024,0,5.0776075e-06,0
img_04609_2024,0,4.9816e-05,0
img_04611_2024,0,5.9731756e-06,0
img_04612_2024,0,0.00071523106,0
img_04600_2024,0,0.0001599833,0
img_04615_2024,0,5.4435714e-05,0
img_04614_2024,0,1.1183903e-05,0
img_04617_2024,0,2.2204586e-06,0
img_04618_2024,0,0.00015810315,0
img_04621_2024,0,7.752528e-06,0
img_04616_2024,0,1.4044986e-05,0
img_04587_p01_2024,0,0.045933988,0
img_04587_p02_2024,0,0.0005637167,0
img_04619_2024,0,0.00035400628,0
img_04620_2024,0,6.779915e-05,0
img_04622_2024,0,0.01338274,0
img_04627_2024,0,0.012287908,0
img_04625_2024,0,3.0327823e-05,0
img_04630_2024,0,1.991534e-05,0
img_04632_2024,0,0.00037575728,0
img_04629_2024,0,5.1670242e-05,0
img_04633_2024,0,3.84259e-05,0
img_04626_2024,0,1.440396e-06,0
img_04624_2024,0,6.057156e-06,0
img_04605_p01_2024,0,5.572969e-06,0
img_04605_p02_2024,0,5.7812522e-05,0
img_04636_2024,0,1.677549e-05,0
img_04637_2024,0,4.6860372e-05,0
img_04635_2024,0,0.00028336202,0
img_04628_2024,0,1.8095272e-05,0
img_04639_2024,0,0.026788203,0
img_04634_2024,0,0.001890153,0
img_04638_2024,0,0.00020127362,0
img_04640_2024,0,1.0939717e-06,0
img_04643_2024,0,1.6664528e-05,0
img_04644_2024,0,0.0006627085,0
img_04641_2024,0,4.195701e-05,0
img_04646_2024,0,0.016606372,0
img_04648_2024,0,5.7178542e-05,0
img_04647_2024,0,1.0648003e-05,0
img_04642_2024,0,0.007857926,0
img_04649_2024,0,0.00047871165,0
img_04645_2024,0,5.738079e-06,0
img_04653_2024,0,2.5158632e-05,0
img_04655_2024,0,0.00013087371,0
img_04657_2024,0,9.6870026e-05,0
img_04652_2024,0,0.5599026,1
img_04651_2024,0,1.6311382e-05,0
img_04650_2024,0,0.0056413547,0
img_04658_2024,0,0.00012376459,0
img_04654_2024,0,8.0645616e-05,0
img_04660_2024,0,2.1268632e-05,0
img_04661_2024,0,0.030102585,0
img_04662_2024,0,0.00024778294,0
img_04663_2024,0,7.3542924e-06,0
img_04656_2024,0,2.7083375e-05,0
img_04659_2024,0,3.8254897e-05,0
img_04664_2024,0,0.000107649714,0
img_04665_2024,0,4.5522982e-05,0
img_04669_2024,0,9.540163e-05,0
img_04670_2024,0,7.2869625e-05,0
img_04666_2024,0,9.072303e-06,0
img_04672_2024,0,2.316944e-05,0
img_04677_2024,0,0.011861356,0
img_04667_2024,0,1.0685809e-06,0
img_04671_2024,0,5.8521407e-05,0
img_04673_2024,0,0.0012417566,0
img_04680_2024,0,0.00055114034,0
img_04676_2024,0,9.173669e-06,0
img_04678_2024,0,1.9068902e-05,0
img_04674_2024,0,2.534391e-05,0
img_04682_2024,0,1.7292483e-05,0
img_04679_2024,0,3.8868166e-06,0
img_04683_2024,0,1.9999006e-05,0
img_04684_2024,0,6.653602e-05,0
img_04681_2024,0,0.0003836603,0
img_04690_2024,0,4.0733405e-05,0
img_04675_2024,0,7.850127e-05,0
img_04688_2024,0,0.0017926261,0
img_04687_2024,0,1.0794174e-06,0
img_04691_2024,0,3.1019867e-05,0
img_04686_2024,0,0.00024125418,0
img_04689_2024,0,0.00016954375,0
img_04696_2024,0,0.00013873108,0
img_04693_2024,0,1.1380616e-06,0
img_04694_2024,0,1.4321324e-05,0
img_04692_2024,0,1.2550435e-05,0
img_04699_2024,0,0.00016472723,0
img_04697_2024,0,1.2998523e-05,0
img_04695_2024,0,2.8851828e-06,0
img_04702_2024,0,7.6899886e-07,0
img_04703_2024,0,3.0540366e-06,0
img_04706_2024,0,3.7767288e-06,0
img_04701_2024,0,2.4799647e-06,0
img_04698_2024,0,7.962126e-06,0
img_04704_2024,0,4.5624183e-06,0
img_04707_2024,0,1.8824725e-05,0
img_04708_2024,0,7.1379577e-06,0
img_04709_2024,0,2.3903556e-06,0
img_04700_2024,0,9.1674165e-06,0
img_04711_2024,0,4.6056495e-05,0
img_04631_p01_2024,0,9.212771e-06,0
img_04631_p02_2024,0,0.00038647917,0
img_04631_p03_2024,0,4.383006e-06,0
img_04631_p04_2024,0,2.2635602e-05,0
img_04710_2024,0,0.00056263834,0
img_04712_2024,0,0.0009435186,0
img_04705_2024,0,2.518939e-06,0
img_04713_2024,0,0.00010275604,0
img_04715_2024,0,4.899929e-06,0
img_04714_2024,0,3.299169e-06,0
img_04718_2024,0,0.00014710317,0
img_04716_2024,0,1.5750376e-06,0
img_04719_2024,0,1.3079473e-05,0
img_04723_2024,0,0.00017434091,0
img_04724_2024,0,1.4839599e-05,0
img_04722_2024,0,0.020793391,0
img_04717_2024,0,0.018657643,0
img_04668_p01_2024,0,0.0021980195,0
img_04668_p02_2024,0,0.0026043628,0
img_04668_p03_2024,0,0.88330555,1
img_04668_p04_2024,0,0.000251188,0
img_04727_2024,0,0.5924844,1
img_04728_2024,0,1.1721596e-05,0
img_04720_2024,0,6.9933462e-06,0
img_04726_2024,0,1.831318e-05,0
img_04731_2024,0,3.0719193e-06,0
img_04729_2024,0,9.89265e-07,0
img_04721_2024,0,4.6385944e-06,0
img_04734_2024,0,0.31164545,1
img_04736_2024,0,1.9852328e-05,0
img_04733_2024,0,7.2124e-06,0
img_04737_2024,0,0.0002810267,0
img_04739_2024,0,5.6035433e-06,0
img_04730_2024,0,2.7457052e-05,0
img_04725_2024,0,0.0013647791,0
img_04738_2024,0,3.7683458e-05,0
img_04732_2024,0,1.2572405e-05,0
img_04735_2024,0,0.00029194314,0
img_04742_2024,0,2.2474174e-05,0
img_04740_2024,0,0.0002365536,0
img_04744_2024,0,3.1425458e-05,0
img_04743_2024,0,0.013332415,0
img_04745_2024,0,1.6386297e-05,0
img_04756_2024,0,3.6930454e-05,0
img_04757_2024,0,1.4191173e-05,0
img_04747_2024,0,2.1210359e-05,0
img_04750_2024,0,3.5694524e-05,0
img_04751_2024,0,0.00063119986,0
img_04755_2024,0,1.4428816e-05,0
img_04748_2024,0,0.0004762346,0
img_04749_2024,0,3.6737612e-05,0
img_04741_2024,0,1.503362e-05,0
img_04752_2024,0,0.012887377,0
img_04746_2024,0,2.1919557e-05,0
img_04758_2024,0,0.65640366,1
img_04685_p01_2024,0,1.6505242e-05,0
img_04685_p02_2024,0,1.9506064e-05,0
img_04685_p03_2024,0,2.3033575e-05,0
img_04685_p04_2024,0,4.1442203e-05,0
img_04759_2024,0,8.574168e-06,0
img_04760_2024,0,0.0071810554,0
img_04761_2024,0,3.1662592e-05,0
img_04762_2024,0,0.0011819617,0
img_04767_2024,0,2.6908518e-05,0
img_04766_2024,0,0.0016755371,0
img_04771_2024,0,0.00063599873,0
img_04769_2024,0,6.576366e-05,0
img_04763_2024,0,1.0167689e-05,0
img_04623_p01_2024,0,0.00062962534,0
img_04623_p02_2024,0,0.0030130323,0
img_04623_p03_2024,0,0.0004459868,0
img_04623_p04_2024,0,2.3008792e-05,0
img_04623_p05_2024,0,0.0005005386,0
img_04623_p06_2024,0,0.000853529,0
img_04623_p07_2024,0,5.2964e-05,0
img_04623_p08_2024,0,6.0601105e-05,0
img_04772_2024,0,4.432133e-07,0
img_04773_2024,0,0.0015157777,0
img_04764_2024,0,5.298317e-06,0
img_04774_2024,0,0.0004735766,0
img_04765_2024,0,1.5530131e-05,0
img_04768_2024,0,0.043594655,0
img_04754_2024,0,1.9746121e-06,0
img_04776_2024,0,1.28998045e-05,0
img_04780_2024,0,0.0061127376,0
img_04777_2024,0,6.722872e-06,0
img_04781_2024,0,0.0018700929,0
img_04779_2024,0,1.9207155e-05,0
img_04783_2024,0,4.0498762e-05,0
img_04778_2024,0,3.076797e-05,0
img_04784_2024,0,2.2159878e-05,0
img_04787_2024,0,0.00012492754,0
img_04785_2024,0,1.4648585e-05,0
img_04782_2024,0,4.8397405e-06,0
img_04786_2024,0,9.918451e-05,0
img_04788_2024,0,0.00030571452,0
img_04775_2024,0,0.0065867603,0
img_04770_2024,0,1.0339908e-05,0
img_04789_2024,0,0.0016730989,0
img_04790_2024,0,0.0008339607,0
img_04792_2024,0,0.0433315,0
img_04753_p01_2024,0,1.11116215e-05,0
img_04753_p02_2024,0,7.2344847e-06,0
img_04796_2024,0,0.0015556227,0
img_04795_2024,0,0.00079028535,0
img_04791_2024,0,0.003931497,0
img_04794_2024,0,3.215288e-05,0
img_04797_2024,0,9.286664e-05,0
img_04793_2024,0,0.0017353344,0
img_04798_2024,0,0.00011136917,0
img_04799_2024,0,0.06769307,0
img_04801_2024,0,0.00014924322,0
img_04805_2024,0,0.3806377,1
img_04808_2024,0,0.0005813714,0
img_04802_2024,0,0.0001399576,0
img_04806_2024,0,9.664656e-05,0
img_04804_2024,0,7.1006674e-05,0
img_04800_2024,0,0.00012918697,0
img_04807_2024,0,4.7431717e-05,0
img_04809_2024,0,0.734991,1
img_04810_2024,0,0.043337245,0
img_04812_2024,0,3.5063826e-05,0
img_04816_2024,0,0.001190461,0
img_04822_2024,0,0.0020914874,0
img_04815_2024,0,0.0012455058,0
img_04814_2024,0,0.00056269113,0
img_04818_2024,0,6.26702e-05,0
img_04819_2024,0,3.4314855e-06,0
img_04813_2024,0,0.0027612033,0
img_04811_2024,0,1.190423e-05,0
img_04821_2024,0,3.3716606e-05,0
img_04820_2024,0,0.00036844754,0
img_04824_2024,0,0.00116004,0
img_04825_2024,0,6.2893574e-05,0
img_04817_2024,0,6.4230126e-06,0
img_04826_2024,0,0.00042662592,0
img_04823_2024,0,0.014191372,0
img_04828_2024,0,0.00046534566,0
img_04827_2024,0,0.00074567395,0
img_04803_p01_2024,0,0.013923549,0
img_04803_p02_2024,0,0.00017919806,0
img_04832_2024,0,0.0003996205,0
img_04838_2024,0,0.00020592178,0
img_04831_2024,0,0.00015561898,0
img_04830_2024,0,9.9517136e-05,0
img_04839_2024,0,0.0049687168,0
img_04834_2024,0,0.00059616286,0
img_04833_2024,0,0.00042792544,0
img_04836_2024,0,0.0021732913,0
img_04837_2024,0,0.0036331478,0
img_04841_2024,0,1.323924e-05,0
img_04835_2024,0,0.09564148,0
img_04829_2024,0,0.18436639,0
img_04840_2024,0,7.912023e-05,0
img_04844_2024,0,6.183283e-05,0
img_04846_2024,0,0.00022214295,0
img_04847_2024,0,0.3553689,1
img_04851_2024,0,4.9157727e-05,0
img_04849_2024,0,3.5508237e-05,0
img_04855_2024,0,0.003702613,0
img_04853_2024,0,0.00068490725,0
img_04857_2024,0,0.000253829,0
img_04850_2024,0,6.810422e-05,0
img_04843_2024,0,0.0025440364,0
img_04848_2024,0,0.0008574745,0
img_04845_2024,0,9.556462e-05,0
img_04859_2024,0,0.002562557,0
img_04858_2024,0,8.9764726e-05,0
img_04852_2024,0,0.0004230572,0
img_04860_2024,0,0.00050592603,0
img_04856_2024,0,0.00020893347,0
img_04842_2024,0,6.516156e-06,0
img_04863_2024,0,0.00027252306,0
img_04861_2024,0,5.2629086e-05,0
img_04862_2024,0,0.0002570177,0
img_04864_2024,0,0.00070460065,0
img_04869_2024,0,2.3930035e-05,0
img_04870_2024,0,0.03969791,0
img_04865_2024,0,6.774117e-05,0
img_04866_2024,0,5.4251275e-05,0
img_04854_2024,0,0.01577974,0
img_04868_2024,0,7.703621e-05,0
img_04873_2024,0,0.951206,1
img_04878_2024,0,3.8615676e-07,0
img_04874_2024,0,9.5238654e-05,0
img_04871_2024,0,0.0003945307,0
img_04872_2024,0,0.26412207,1
img_04867_2024,0,0.0011851438,0
img_04876_2024,0,0.28720117,1
img_04880_2024,0,7.5390795e-07,0
img_04875_2024,0,0.00010845658,0
img_04877_2024,0,3.769309e-05,0
img_04882_2024,0,0.0013124294,0
img_04879_2024,0,0.0026295558,0
img_04885_2024,0,4.9641487e-05,0
img_04883_2024,0,2.8811364e-05,0
img_04886_2024,0,0.015862986,0
img_04881_2024,0,0.026391333,0
img_04884_2024,0,6.460973e-06,0
img_04887_2024,0,1.7052307e-05,0
img_04888_2024,0,0.00044402236,0
img_04892_2024,0,0.00045797293,0
img_04889_2024,0,0.00012749132,0
img_04898_2024,0,1.7876906e-05,0
img_04895_2024,0,0.0012837914,0
img_04899_2024,0,4.7867714e-05,0
img_04896_2024,0,0.0005299162,0
img_04893_2024,0,0.17014769,0
img_04900_2024,0,0.0003212019,0
img_04894_2024,0,0.00084185577,0
img_04897_2024,0,2.424753e-05,0
img_04902_2024,0,0.0020942618,0
img_04890_2024,0,0.0693222,0
img_04903_2024,0,9.141202e-05,0
img_04906_2024,0,0.00046206327,0
img_04904_2024,0,0.027473856,0
img_04891_2024,0,5.2527953e-06,0
img_04907_2024,0,0.00011314631,0
img_04901_2024,0,0.023054073,0
img_04909_2024,0,2.3314798e-05,0
img_04911_2024,0,0.0031670432,0
img_04910_2024,0,9.590413e-05,0
img_04908_2024,0,0.0009378144,0
img_04915_2024,0,3.4533794e-05,0
img_04918_2024,0,0.0002981122,0
img_04913_2024,0,0.006938086,0
img_04919_2024,0,0.013975626,0
img_04905_2024,0,0.0010870835,0
img_04922_2024,0,0.0002073413,0
img_04912_2024,0,0.0005029665,0
img_04921_2024,0,0.011858589,0
img_04914_2024,0,0.0007057354,0
img_04924_2024,0,0.019718455,0
img_04923_2024,0,1.42064755e-05,0
img_04927_2024,0,0.0009423175,0
img_04920_2024,0,1.1913577e-05,0
img_04926_2024,0,8.467579e-06,0
img_04916_2024,0,0.00024269172,0
img_04928_2024,0,0.00029648663,0
img_04930_2024,0,0.0008544909,0
img_04917_2024,0,2.8533583e-05,0
img_04929_2024,0,0.068097286,0
img_04934_2024,0,0.00068169483,0
img_04933_2024,0,0.0015396015,0
img_04932_2024,0,0.005265838,0
img_04925_2024,0,0.005235366,0
img_04936_2024,0,0.0011612804,0
img_04935_2024,0,1.260346e-05,0
img_04931_2024,0,8.437278e-05,0
img_04937_2024,0,3.2175853e-05,0
img_04941_2024,0,1.5922849e-06,0
img_04946_2024,0,0.000110617715,0
img_04944_2024,0,7.48114e-05,0
img_04939_2024,0,8.043226e-05,0
img_04938_2024,0,0.00037300092,0
img_04940_2024,0,0.00025887226,0
img_04945_2024,0,0.005466148,0
img_04950_2024,0,0.00038015915,0
img_04952_2024,0,0.30691734,1
img_04943_2024,0,0.00018348673,0
img_04942_2024,0,0.00047997752,0
img_04948_2024,0,0.44963816,1
img_04949_2024,0,0.0006165069,0
img_04947_2024,0,9.539326e-05,0
img_04953_2024,0,6.2451494e-05,0
img_04957_2024,0,0.00023190919,0
img_04951_2024,0,0.2310081,1
img_04958_2024,0,0.0029262963,0
img_04955_2024,0,0.3911058,1
img_04956_2024,0,4.4458334e-06,0
img_04954_2024,0,1.7775046e-06,0
img_04966_2024,0,0.0037972108,0
img_04959_2024,0,0.0014651343,0
img_04967_2024,0,1.2898193e-05,0
img_04962_2024,0,5.979388e-05,0
img_04960_2024,0,0.00051308057,0
img_04963_2024,0,1.5316318e-05,0
img_04970_2024,0,8.1546925e-05,0
img_04964_2024,0,3.487757e-05,0
img_04973_2024,0,0.0012462984,0
img_04961_2024,0,0.0018475588,0
img_04968_2024,0,0.00073330343,0
img_04974_2024,0,0.036278218,0
img_04975_2024,0,1.1359675e-05,0
img_04965_2024,0,0.30585456,1
img_04971_2024,0,0.00039507,0
img_04972_2024,0,0.013180233,0
img_04983_2024,0,0.01695296,0
img_04982_2024,0,2.8347606e-05,0
img_04984_2024,0,0.00012245089,0
img_04987_2024,0,0.002972533,0
img_04986_2024,0,0.00031222237,0
img_04978_2024,0,1.3020892e-05,0
img_04980_2024,0,0.00027296017,0
img_04989_2024,0,6.666641e-05,0
img_04969_2024,0,0.00046450165,0
img_04981_2024,0,4.125392e-05,0
img_04979_2024,0,0.00051190745,0
img_04977_2024,0,1.3294174e-05,0
img_04976_2024,0,6.5272834e-06,0
img_04985_2024,0,0.0005554246,0
img_04988_2024,0,6.76941e-05,0
img_04995_2024,0,0.00019865131,0
img_04992_2024,0,8.354964e-05,0
img_04991_2024,0,0.00020071039,0
img_04990_2024,0,3.0751627e-05,0
img_04993_2024,0,0.03736949,0
img_04998_2024,0,0.00026827533,0
img_04996_2024,0,4.0299004e-05,0
img_04999_2024,0,0.00012122208,0
img_04997_2024,0,0.00024218317,0
img_05001_2024,0,1.2324639e-05,0
img_04994_2024,0,1.64544e-05,0
img_05003_2024,0,0.00023655946,0
img_05002_2024,0,0.51105016,1
img_05000_2024,0,0.012560111,0
img_05007_2024,0,0.0012930896,0
img_05005_2024,0,0.00046834594,0
img_05004_2024,0,0.006950658,0
img_05008_2024,0,0.00040345406,0
img_05006_2024,0,0.00025452257,0
img_05009_2024,0,0.0013896689,0
img_05010_2024,0,0.00010918431,0
img_05015_2024,0,0.01871929,0
img_05013_2024,0,0.0007031799,0
img_04472_p01_2024,0,3.0316052e-05,0
img_04472_p02_2024,0,2.3502262e-06,0
img_04472_p03_2024,0,1.7953309e-05,0
img_04472_p04_2024,0,3.2964358e-06,0
img_04472_p05_2024,0,5.7360783e-05,0
img_04472_p06_2024,0,0.060637794,0
img_04472_p08_2024,0,9.682974e-06,0
img_04472_p09_2024,0,0.00010531301,0
img_04472_p10_2024,0,8.388646e-05,0
img_04472_p11_2024,0,0.0012257963,0
img_04472_p12_2024,0,3.607303e-05,0
img_04472_p13_2024,0,0.00016811649,0
img_04472_p14_2024,0,6.7003755e-05,0
img_04472_p15_2024,0,0.00059034687,0
img_04472_p16_2024,0,0.0012313982,0
img_04472_p17_2024,0,3.745413e-05,0
img_04472_p18_2024,0,3.8148282e-06,0
img_04472_p19_2024,0,1.5030667e-05,0
img_04472_p20_2024,0,2.1561487e-05,0
img_04472_p21_2024,0,9.4264025e-05,0
img_05011_2024,0,8.5618194e-05,0
img_05018_2024,0,0.0070895143,0
img_05012_2024,0,0.35253802,1
img_05017_2024,0,0.0005382349,0
img_05021_2024,0,5.900879e-06,0
img_05019_2024,0,0.00019931745,0
img_05016_2024,0,0.024472892,0
img_05023_2024,0,0.00027535812,0
img_05026_2024,0,9.5279565e-06,0
img_05028_2024,0,0.0021587086,0
img_05022_2024,0,7.293859e-05,0
img_05027_2024,0,1.8853902e-05,0
img_05031_2024,0,0.00018848952,0
img_05030_2024,0,0.00028504033,0
img_05032_2024,0,3.8113863e-05,0
img_05029_2024,0,0.0007168996,0
img_05034_2024,0,8.8020315e-06,0
img_05020_2024,0,0.0010646234,0
img_05014_p01_2024,0,2.7238137e-05,0
img_05014_p02_2024,0,1.15753965e-05,0
img_05038_2024,0,2.6481334e-06,0
img_05039_2024,0,0.0006440615,0
img_05036_2024,0,0.0003707344,0
img_05040_2024,0,5.8391497e-06,0
img_05025_2024,0,0.00045570455,0
img_05033_2024,0,0.9468941,1
img_05041_2024,0,0.00037557067,0
img_05024_2024,0,0.002827244,0
img_05035_2024,0,0.0005010936,0
img_05052_2024,0,2.794192e-06,0
img_05047_2024,0,0.00043100305,0
img_05037_2024,0,1.3650378e-05,0
img_05051_2024,0,0.38668534,1
img_05043_2024,0,0.00014359137,0
img_05045_2024,0,0.0014965044,0
img_05044_2024,0,1.7703351e-06,0
img_05056_2024,0,0.004634687,0
img_05046_2024,0,0.0023200468,0
img_05049_2024,0,0.0004246896,0
img_05054_2024,0,2.3989216e-05,0
img_05055_2024,0,0.0033343087,0
img_05060_2024,0,3.3333183e-06,0
img_05064_2024,0,8.86654e-05,0
img_05059_2024,0,0.0013441247,0
img_05063_2024,0,0.0003197942,0
img_05042_2024,0,0.1365646,0
img_05057_2024,0,4.3753007e-06,0
img_05050_2024,0,0.0037891997,0
img_05066_2024,0,0.00020665425,0
img_05053_2024,0,5.238923e-05,0
img_05062_2024,0,7.542472e-05,0
img_05058_2024,0,0.14709572,0
img_05068_2024,0,0.0012204569,0
img_05069_2024,0,0.005663836,0
img_05067_2024,0,0.008873862,0
img_05061_2024,0,0.04555223,0
img_05070_2024,0,0.00027922,0
img_05072_2024,0,0.03188915,0
img_05071_2024,0,0.00049378077,0
img_05073_2024,0,0.0015400486,0
img_05048_2024,0,0.075991146,0
img_05077_2024,0,0.00052058155,0
img_05074_2024,0,1.869254e-05,0
img_05065_2024,0,4.4774188e-05,0
img_05075_2024,0,0.019617153,0
img_05080_2024,0,1.835696e-06,0
img_05085_2024,0,1.345079e-05,0
img_05082_2024,0,0.022680638,0
img_05079_2024,0,0.41282383,1
img_05078_2024,0,2.5265095e-05,0
img_05081_2024,0,0.4999261,1
img_05086_2024,0,9.763611e-06,0
img_05076_2024,0,1.2811031e-05,0
img_05088_2024,0,0.9891011,1
img_05084_2024,0,0.00062078494,0
img_05083_2024,0,7.1366725e-05,0
img_05090_2024,0,7.3950696e-06,0
img_05091_2024,0,0.0011150504,0
img_05094_2024,0,0.00020438002,0
img_05087_2024,0,8.05885e-05,0
img_05095_2024,0,0.000531143,0
img_05093_2024,0,0.004362587,0
img_05097_2024,0,0.00031235514,0
img_05089_2024,0,1.8231084e-06,0
img_05098_2024,0,0.0001191101,0
img_05092_2024,0,0.0005802612,0
img_05096_2024,0,0.000116974654,0
img_05100_2024,0,6.563085e-05,0
img_05099_2024,0,0.000322066,0
img_05105_2024,0,0.014658964,0
img_05101_2024,0,7.73346e-05,0
img_05102_2024,0,0.0025121816,0
img_05103_2024,0,0.00027948446,0
img_05104_2024,0,3.3967077e-05,0
img_05107_2024,0,4.2559426e-05,0
img_05108_2024,0,0.20657761,1
img_05106_2024,0,0.00010266016,0
img_05110_2024,0,0.99330586,1
img_05109_2024,0,0.00017750531,0
img_05111_2024,0,0.0010194436,0
img_05117_2024,0,0.00037448166,0
img_05114_2024,0,0.00022713929,0
img_05118_2024,0,0.0006953888,0
img_05112_2024,0,0.0052349265,0
img_05113_2024,0,1.2222013e-05,0
img_05115_2024,0,0.00028577665,0
img_05116_2024,0,0.0004354886,0
img_05122_2024,0,3.5340105e-05,0
img_05121_2024,0,9.11804e-06,0
img_05126_2024,0,2.2786127e-05,0
img_05120_2024,0,1.0646215e-05,0
img_05123_2024,0,2.3328264e-06,0
img_05124_2024,0,6.934491e-06,0
img_05127_2024,0,0.00046836157,0
img_05119_2024,0,0.0004960939,0
img_05125_2024,0,7.103027e-06,0
img_05128_2024,0,0.00888883,0
img_05130_2024,0,0.019473786,0
img_05129_2024,0,3.9027276e-05,0
img_05131_2024,0,0.0001535274,0
img_05138_2024,0,0.00022293566,0
img_05134_2024,0,0.8835774,1
img_05142_2024,0,0.00017790875,0
img_05141_2024,0,1.4431541e-05,0
img_05140_2024,0,4.976935e-07,0
img_05136_2024,0,6.031382e-05,0
img_05146_2024,0,0.0001904876,0
img_05135_2024,0,0.0016805921,0
img_05133_2024,0,0.0023648108,0
img_05144_2024,0,0.007903903,0
img_05132_2024,0,3.5162404e-05,0
img_05145_2024,0,0.00010427088,0
img_05147_2024,0,0.00074622023,0
img_05137_2024,0,2.4036388e-05,0
img_05148_2024,0,0.019368239,0
img_05143_2024,0,0.000995479,0
img_05139_2024,0,0.00173516,0
img_05151_2024,0,0.0009009225,0
img_05152_2024,0,0.0016774214,0
img_05158_2024,0,0.0017275079,0
img_05154_2024,0,0.019059768,0
img_05155_2024,0,5.643019e-05,0
img_05153_2024,0,4.4199816e-05,0
img_05157_2024,0,0.4544637,1
img_05156_2024,0,4.926252e-05,0
img_05159_2024,0,4.8501355e-05,0
img_05164_2024,0,0.0002860081,0
img_05161_2024,0,1.5807091e-06,0
img_05165_2024,0,0.00025037501,0
img_05168_2024,0,0.0027679128,0
img_05160_2024,0,0.0050813123,0
img_05166_2024,0,0.0029203892,0
img_05162_2024,0,1.8612833e-05,0
img_05167_2024,0,7.454633e-06,0
img_05163_2024,0,0.0016180859,0
img_05173_2024,0,0.01722978,0
img_05171_2024,0,1.9573501e-05,0
img_05170_2024,0,4.3708633e-06,0
img_05176_2024,0,0.1826605,0
img_05150_p01_2024,0,0.07934612,0
img_05150_p02_2024,0,4.932274e-06,0
img_05169_2024,0,2.912713e-05,0
img_05174_2024,0,1.5867648e-05,0
img_05149_p01_2024,0,9.771308e-05,0
img_05149_p02_2024,0,6.7166184e-05,0
img_05177_2024,0,0.008750264,0
img_05180_2024,0,4.053658e-06,0
img_05179_2024,0,2.652113e-05,0
img_05172_2024,0,4.1091367e-05,0
img_05178_2024,0,4.8840313e-05,0
img_05183_2024,0,0.00012854296,0
img_05185_2024,0,1.3095411e-05,0
img_05188_2024,0,0.00059149775,0
img_05190_2024,0,0.00832821,0
img_05184_2024,0,0.07361625,0
img_05194_2024,0,0.00016016081,0
img_05181_2024,0,4.3041335e-05,0
img_05182_2024,0,0.0010557908,0
img_05192_2024,0,2.555045e-05,0
img_05187_2024,0,0.025971636,0
img_05193_2024,0,1.0563054e-05,0
img_05191_2024,0,3.8011447e-06,0
img_05186_2024,0,0.00010224261,0
img_05195_2024,0,0.046748284,0
img_05198_2024,0,0.00087827834,0
img_05189_2024,0,1.9083183e-05,0
img_05199_2024,0,8.8732486e-07,0
img_05200_2024,0,0.0008764271,0
img_05202_2024,0,7.919317e-06,0
img_05203_2024,0,0.022061067,0
img_05196_2024,0,0.0017558592,0
img_05204_2024,0,0.00011357177,0
img_05205_2024,0,9.528081e-05,0
img_05206_2024,0,0.00022309429,0
img_05207_2024,0,3.8779377e-05,0
img_05211_2024,0,9.787196e-06,0
img_05201_2024,0,0.07042053,0
img_05210_2024,0,0.00028569548,0
img_05214_2024,0,1.5759175e-05,0
img_05212_2024,0,0.00048495238,0
img_05208_2024,0,1.3505714e-05,0
img_05213_2024,0,4.7149453e-05,0
img_05209_2024,0,2.2892332e-06,0
img_05217_2024,0,0.0064658723,0
img_05221_2024,0,0.00054089533,0
img_05218_2024,0,0.000915558,0
img_05215_2024,0,0.00010026525,0
img_05220_2024,0,2.1689102e-05,0
img_05216_2024,0,2.954254e-07,0
img_05224_2024,0,8.4522726e-05,0
img_05197_p01_2024,0,1.10654e-05,0
img_05197_p02_2024,0,1.3275221e-05,0
img_05225_2024,0,2.7329022e-05,0
img_05226_2024,0,0.0005361637,0
img_05228_2024,0,9.69368e-07,0
img_05227_2024,0,3.4657514e-05,0
img_05230_2024,0,0.00018432457,0
img_05232_2024,0,2.918872e-06,0
img_05223_2024,0,1.3079061e-05,0
img_05219_2024,0,0.00068852835,0
img_05234_2024,0,0.00097191124,0
img_05235_2024,0,0.00025480494,0
img_05233_2024,0,2.6371201e-06,0
img_05231_2024,0,0.015727924,0
img_05237_2024,0,5.7125402e-05,0
img_05222_2024,0,1.0092693e-05,0
img_05238_2024,0,0.00049109093,0
img_05236_2024,0,0.00064992113,0
img_05244_2024,0,6.5722845e-05,0
img_05243_2024,0,1.2712415e-05,0
img_05242_2024,0,2.146131e-06,0
img_05241_2024,0,0.5463021,1
img_05246_2024,0,9.821277e-06,0
img_05247_2024,0,2.991698e-06,0
img_05245_2024,0,7.790282e-05,0
img_05248_2024,0,1.1645561e-05,0
img_05250_2024,0,0.0011031895,0
img_05251_2024,0,0.048314337,0
img_05260_2024,0,1.4099014e-05,0
img_05258_2024,0,8.699498e-05,0
img_05257_2024,0,0.00062709244,0
img_05253_2024,0,0.00037863484,0
img_05259_2024,0,0.0010352648,0
img_05256_2024,0,1.4130496e-06,0
img_05261_2024,0,6.22871e-05,0
img_05252_2024,0,0.0010070427,0
img_05249_2024,0,1.9946436e-05,0
img_05240_2024,0,1.1245507e-06,0
img_05263_2024,0,0.0073805423,0
img_05239_2024,0,1.8128272e-06,0
img_05255_2024,0,3.0465374e-06,0
img_05254_2024,0,0.0020266802,0
img_05269_2024,0,4.655211e-05,0
img_05264_2024,0,0.0002009032,0
img_05265_2024,0,2.4625435e-06,0
img_05268_2024,0,0.00074544695,0
img_05270_2024,0,8.2751416e-05,0
img_05262_2024,0,2.4659164e-05,0
img_05266_2024,0,0.00053064985,0
img_05271_2024,0,5.28448e-06,0
img_05267_2024,0,3.474187e-06,0
img_05272_2024,0,0.0026065935,0
img_05274_2024,0,3.8988364e-05,0
img_05273_2024,0,3.870825e-06,0
img_05275_2024,0,0.00017507371,0
img_05283_2024,0,8.384855e-05,0
img_05278_2024,0,0.001004401,0
img_05280_2024,0,3.1886913e-05,0
img_05279_2024,0,2.0607282e-05,0
img_05282_2024,0,1.16962365e-05,0
img_05277_2024,0,0.14650363,0
img_05281_2024,0,0.00036525732,0
img_05286_2024,0,0.01790644,0
img_05287_2024,0,1.4589416e-05,0
img_05288_2024,0,1.1298708e-06,0
img_05291_2024,0,2.4637345e-06,0
img_05285_2024,0,0.0008255832,0
img_05292_2024,0,2.8006083e-05,0
img_05293_2024,0,4.408519e-06,0
img_05290_2024,0,9.424411e-06,0
img_05289_2024,0,0.00024297813,0
img_05300_2024,0,1.0467398e-05,0
img_05301_2024,0,0.000117151256,0
img_05296_2024,0,0.0094793355,0
img_05298_2024,0,8.893029e-07,0
img_05297_2024,0,0.0010683307,0
img_05294_2024,0,0.00033867307,0
img_05284_2024,0,1.8889428e-05,0
img_05299_2024,0,7.37351e-07,0
img_05276_2024,0,9.9350755e-06,0
img_05302_2024,0,0.0001622086,0
img_05295_2024,0,1.9439007e-05,0
img_05303_2024,0,0.0005356616,0
img_05309_2024,0,2.6559626e-05,0
img_05306_2024,0,4.4343033e-06,0
img_05305_2024,0,0.008577234,0
img_05304_2024,0,0.00048259573,0
img_05310_2024,0,0.04777319,0
img_05312_2024,0,0.00019891193,0
img_05308_2024,0,0.0002432681,0
img_05315_2024,0,0.00019875892,0
img_05318_2024,0,0.00026542484,0
img_05320_2024,0,9.666884e-06,0
img_05319_2024,0,1.3437074e-06,0
img_05307_2024,0,0.048960444,0
img_05313_2024,0,0.00020907776,0
img_05325_2024,0,0.09244261,0
img_05317_2024,0,0.0062926775,0
img_05323_2024,0,6.926925e-05,0
img_05327_2024,0,0.017386692,0
img_05328_2024,0,1.593333e-06,0
img_05321_2024,0,6.6507026e-05,0
img_05314_2024,0,0.00035949907,0
img_05326_2024,0,0.00077237596,0
img_05330_2024,0,2.1147391e-06,0
img_05322_2024,0,4.4261058e-05,0
img_05331_2024,0,0.00182793,0
img_05329_2024,0,1.342644e-05,0
img_05333_2024,0,0.000116475676,0
img_05316_2024,0,4.5612305e-06,0
img_05337_2024,0,2.1898873e-05,0
img_05332_2024,0,2.8456978e-05,0
img_05338_2024,0,0.00079946057,0
img_05347_2024,0,1.942227e-06,0
img_05339_2024,0,4.2515276e-06,0
img_05346_2024,0,2.6643331e-06,0
img_05341_2024,0,0.00043300528,0
img_05344_2024,0,0.00043399291,0
img_05345_2024,0,0.00055532693,0
img_05343_2024,0,5.1316974e-06,0
img_05348_2024,0,2.5721314e-05,0
img_05351_2024,0,1.892531e-05,0
img_05349_2024,0,0.0005784652,0
img_05350_2024,0,4.0710223e-05,0
img_05335_2024,0,0.0015772239,0
img_05353_2024,0,0.00019330678,0
img_05352_2024,0,4.4879816e-05,0
img_05334_2024,0,5.8801783e-05,0
img_05311_2024,0,5.972356e-07,0
img_05336_2024,0,0.000108372216,0
img_05342_p01_2024,0,1.1882169e-05,0
img_05342_p02_2024,0,2.0267806e-05,0
img_05355_2024,0,4.463861e-05,0
img_05340_2024,0,1.8896924e-05,0
img_05324_2024,0,0.00031978718,0
img_05358_2024,0,5.3883654e-05,0
img_05357_2024,0,2.1740852e-05,0
img_05356_2024,0,1.1729938e-05,0
img_05354_2024,0,0.0030255055,0
img_05359_2024,0,1.1842325e-05,0
img_05362_2024,0,1.936483e-05,0
img_05360_2024,0,0.00015450224,0
img_05364_2024,0,9.005266e-06,0
img_05365_2024,0,3.764535e-06,0
img_05361_2024,0,0.027460063,0
img_05366_2024,0,4.291113e-05,0
img_05363_2024,0,2.8367402e-05,0
img_05368_2024,0,2.0075746e-05,0
img_05370_2024,0,0.024130726,0
img_05369_2024,0,1.397115e-05,0
img_05372_2024,0,1.4838411e-05,0
img_05376_2024,0,0.00037984888,0
img_05373_2024,0,5.7890582e-05,0
img_05377_2024,0,1.0075767e-05,0
img_05380_2024,0,0.0001470081,0
img_05378_2024,0,0.013294231,0
img_05375_2024,0,0.039799552,0
img_05383_2024,0,3.2691175e-06,0
img_05381_2024,0,0.014095432,0
img_05374_2024,0,4.568396e-06,0
img_05379_2024,0,0.00020202115,0
img_05384_2024,0,1.500049e-06,0
img_05385_2024,0,2.1343527e-05,0
img_05388_2024,0,6.866884e-05,0
img_05386_2024,0,0.0021640367,0
img_05387_2024,0,0.0010817585,0
img_05371_2024,0,1.7986117e-06,0
img_05382_2024,0,0.0002695848,0
img_05389_2024,0,0.0004126909,0
img_05390_2024,0,0.0010152067,0
img_05393_2024,0,7.333212e-06,0
img_05392_2024,0,0.0010952245,0
img_05391_2024,0,8.243331e-05,0
img_05229_p01_2024,0,6.632228e-05,0
img_05229_p02_2024,0,0.000295575,0
img_05229_p03_2024,0,2.3920727e-06,0
img_05229_p04_2024,0,2.7215703e-05,0
img_05229_p05_2024,0,2.2953736e-05,0
img_05229_p06_2024,0,6.734011e-06,0
img_05229_p07_2024,0,5.947273e-06,0
img_05229_p08_2024,0,5.7943944e-06,0
img_05395_2024,0,1.5245245e-06,0
img_05397_2024,0,4.1684696e-05,0
img_05394_2024,0,0.0023102928,0
img_05396_2024,0,1.2156522e-05,0
img_05399_2024,0,2.0018737e-05,0
img_05398_2024,0,8.813212e-06,0
img_05402_2024,0,3.83117e-05,0
img_05401_2024,0,7.8502135e-06,0
img_05406_2024,0,0.0004977797,0
img_05405_2024,0,2.0621512e-06,0
img_05404_2024,0,0.017741134,0
img_05408_2024,0,0.00021108524,0
img_05409_2024,0,0.00044569524,0
img_05410_2024,0,6.125837e-05,0
img_05411_2024,0,1.74456e-05,0
img_05414_2024,0,4.0348144e-07,0
img_05413_2024,0,9.8314515e-05,0
img_05412_2024,0,0.00015215167,0
img_05416_2024,0,8.703047e-06,0
img_05419_2024,0,0.0012598742,0
img_05417_2024,0,0.0002492589,0
img_05422_2024,0,2.050227e-06,0
img_05415_2024,0,7.573522e-05,0
img_05420_2024,0,4.289505e-06,0
img_05418_2024,0,2.7769202e-05,0
img_05421_2024,0,0.077795275,0
img_05400_2024,0,1.3754989e-06,0
img_05425_2024,0,0.057125717,0
img_05426_2024,0,0.00012408957,0
img_05423_2024,0,8.2607977e-07,0
img_05430_2024,0,5.166507e-05,0
img_05424_2024,0,1.5418273e-05,0
img_05428_2024,0,1.8656177e-05,0
img_05429_2024,0,0.00057929306,0
img_05435_2024,0,0.0023034238,0
img_05407_p01_2024,0,0.29905125,1
img_05407_p02_2024,0,0.11464012,0
img_05432_2024,0,4.1638214e-05,0
img_05434_2024,0,0.0004898303,0
img_05431_2024,0,0.00017946669,0
img_05436_2024,0,0.0042583602,0
img_05433_2024,0,1.8316266e-06,0
img_05438_2024,0,2.8882392e-05,0
img_05427_2024,0,1.6830452e-05,0
img_05439_2024,0,0.0033014962,0
img_05441_2024,0,0.0012964081,0
img_05440_2024,0,0.00039115833,0
img_05442_2024,0,4.2737727e-05,0
img_05437_2024,0,2.054688e-06,0
img_05446_2024,0,0.001028257,0
img_05445_2024,0,0.00011031361,0
img_05444_2024,0,0.0063799485,0
img_05447_2024,0,6.1941023e-07,0
img_05449_2024,0,4.246626e-05,0
img_05448_2024,0,4.7797625e-06,0
img_05451_2024,0,3.727348e-05,0
img_05453_2024,0,1.4400565e-05,0
img_05450_2024,0,3.042388e-05,0
img_05454_2024,0,0.005795354,0
img_05452_2024,0,0.015310466,0
img_05443_2024,0,0.0001948475,0
img_05455_2024,0,0.009796806,0
img_05459_2024,0,1.2900567e-05,0
img_05461_2024,0,6.6748817e-06,0
img_05457_2024,0,3.000012e-06,0
img_05462_2024,0,0.0012104472,0
img_05463_2024,0,3.077055e-05,0
img_05456_2024,0,3.2693981e-06,0
img_05458_2024,0,1.7663011e-06,0
img_05464_2024,0,0.0035429932,0
img_05465_2024,0,0.0003592118,0
img_05466_2024,0,2.3094635e-05,0
img_05469_2024,0,0.0004952068,0
img_05403_p01_2024,0,7.557792e-06,0
img_05403_p02_2024,0,1.410599e-06,0
img_05403_p03_2024,0,2.6815217e-06,0
img_05403_p04_2024,0,4.153287e-06,0
img_05460_2024,0,5.784688e-05,0
img_05468_2024,0,2.0436682e-05,0
img_05472_2024,0,5.3453543e-05,0
img_05467_2024,0,9.09428e-06,0
img_05470_2024,0,0.0013102543,0
img_05471_2024,0,0.0008104337,0
img_05474_2024,0,4.376469e-06,0
img_05479_2024,0,0.0040307106,0
img_05475_2024,0,5.029141e-06,0
img_05476_2024,0,2.2624468e-05,0
img_05477_2024,0,0.00011719405,0
img_05473_2024,0,0.6331257,1
img_05478_2024,0,0.0017356392,0
img_05480_2024,0,1.8656781e-05,0
img_05175_p01_2024,0,4.655162e-05,0
img_05175_p02_2024,0,1.7615592e-07,0
img_05175_p03_2024,0,4.827281e-06,0
img_05175_p04_2024,0,1.2552556e-06,0
img_05175_p05_2024,0,1.1413088e-07,0
img_05175_p06_2024,0,8.7848053e-07,0
img_05175_p07_2024,0,6.8267614e-06,0
img_05175_p08_2024,0,3.349301e-07,0
img_05175_p09_2024,0,1.3005311e-07,0
img_05175_p10_2024,0,4.0168652e-07,0
img_05175_p11_2024,0,3.9308898e-07,0
img_05175_p12_2024,0,1.0617673e-07,0
img_05175_p13_2024,0,1.0663373e-06,0
img_05175_p14_2024,0,3.9693135e-05,0
img_05481_2024,0,0.0029448995,0
img_05488_2024,0,0.0002353747,0
img_05490_2024,0,0.00086305954,0
img_05483_2024,0,0.0032391024,0
img_05491_2024,0,2.7199048e-06,0
img_05484_2024,0,6.869414e-06,0
img_05485_2024,0,0.00014792435,0
img_05487_2024,0,0.00033349489,0
img_05492_2024,0,8.675076e-05,0
img_05482_2024,0,6.232424e-05,0
img_05497_2024,0,9.783158e-05,0
img_05500_2024,0,6.927227e-06,0
img_05499_2024,0,0.0007664272,0
img_05498_2024,0,3.9564184e-06,0
img_05494_2024,0,9.982933e-06,0
img_05489_2024,0,1.098351e-05,0
img_05501_2024,0,0.00107838,0
img_05495_2024,0,0.00013141255,0
img_05486_2024,0,6.482801e-07,0
img_05503_2024,0,1.2120693e-05,0
img_05504_2024,0,5.5064535e-05,0
img_05493_2024,0,1.1428904e-05,0
img_05496_2024,0,4.3453503e-05,0
img_05506_2024,0,4.258813e-05,0
img_05502_2024,0,0.0003478409,0
img_05511_2024,0,0.0003093489,0
img_05515_2024,0,0.00014296129,0
img_05519_2024,0,0.47451633,1
img_05507_2024,0,9.560983e-05,0
img_05508_2024,0,6.039549e-05,0
img_05509_2024,0,3.1430106e-06,0
img_05512_2024,0,5.433581e-06,0
img_05523_2024,0,3.0800937e-05,0
img_05514_2024,0,7.6268196e-05,0
img_05522_2024,0,0.2068166,1
img_05520_2024,0,1.3243015e-05,0
img_05516_2024,0,3.848985e-06,0
img_05518_2024,0,1.630407e-06,0
img_05510_2024,0,0.0016797306,0
img_05525_2024,0,0.07931577,0
img_05521_2024,0,4.9702736e-05,0
img_05527_2024,0,6.2577095e-07,0
img_05529_2024,0,8.031165e-06,0
img_05517_2024,0,3.621642e-05,0
img_05528_2024,0,2.8446506e-05,0
img_05526_2024,0,0.0002458561,0
img_05533_2024,0,1.5883553e-06,0
img_05532_2024,0,0.00012949457,0
img_05513_2024,0,0.00036139775,0
img_05531_2024,0,0.054381415,0
img_05530_2024,0,8.383972e-06,0
img_05505_2024,0,0.0001759285,0
img_05541_2024,0,7.237067e-05,0
img_05535_2024,0,7.626718e-05,0
img_05540_2024,0,0.00014049419,0
img_05524_2024,0,2.7801257e-06,0
img_05534_2024,0,0.0068818186,0
img_05543_2024,0,9.55747e-06,0
img_05537_2024,0,0.00011652911,0
img_05545_2024,0,0.000100478115,0
img_05536_2024,0,5.2202413e-05,0
img_05544_2024,0,0.00018774801,0
img_05542_2024,0,0.0006395214,0
img_05550_2024,0,3.991828e-06,0
img_05546_2024,0,0.005382104,0
img_05552_2024,0,5.8534174e-06,0
img_05551_2024,0,1.324851e-05,0
img_05553_2024,0,1.9998492e-05,0
img_05554_2024,0,4.0915253e-05,0
img_05556_2024,0,2.49554e-05,0
img_05548_2024,0,0.00076629355,0
img_05547_2024,0,2.697604e-05,0
img_05549_2024,0,0.0005754895,0
img_05558_2024,0,0.0005900518,0
img_05557_2024,0,0.00026123016,0
img_05559_2024,0,0.0007997936,0
img_05561_2024,0,2.3335706e-05,0
img_05560_2024,0,0.00031708923,0
img_05555_2024,0,6.408013e-07,0
img_05562_2024,0,0.0037422443,0
img_05566_2024,0,0.0003225352,0
img_05564_2024,0,5.4086493e-05,0
img_05569_2024,0,5.120142e-05,0
img_05565_2024,0,0.00026656935,0
img_05563_2024,0,0.00014539766,0
img_05571_2024,0,6.6198816e-05,0
img_05574_2024,0,0.0023980516,0
img_05576_2024,0,1.6128866e-06,0
img_05567_2024,0,0.002477041,0
img_05568_2024,0,1.5439506e-05,0
img_05577_2024,0,8.961753e-06,0
img_05538_p01_2024,0,1.6302873e-06,0
img_05538_p02_2024,0,8.384751e-07,0
img_05570_2024,0,0.000649532,0
img_05580_2024,0,0.020740842,0
img_05579_2024,0,1.5950593e-05,0
img_05581_2024,0,9.1095186e-05,0
img_05572_2024,0,0.0005631917,0
img_05575_2024,0,3.4724508e-05,0
img_05582_2024,0,0.0003512666,0
img_05584_2024,0,0.010076778,0
img_05583_2024,0,0.00010366691,0
img_05585_2024,0,0.0032138636,0
img_05588_2024,0,6.750303e-05,0
img_05578_2024,0,3.6664885e-06,0
img_05595_2024,0,1.688033e-05,0
img_05596_2024,0,0.015072183,0
img_05598_2024,0,8.511089e-05,0
img_05593_2024,0,0.0069352877,0
img_05589_2024,0,0.0015916562,0
img_05573_2024,0,6.029921e-05,0
img_05586_2024,0,2.4877365e-06,0
img_05590_2024,0,1.8275965e-05,0
img_05587_2024,0,0.7789184,1
img_05597_2024,0,0.009528077,0
img_05602_2024,0,9.71635e-06,0
img_05603_2024,0,2.7898705e-06,0
img_05607_2024,0,2.9208072e-06,0
img_05604_2024,0,0.061996166,0
img_05601_2024,0,4.0722757e-06,0
img_05594_2024,0,0.00033769163,0
img_05591_2024,0,0.03788926,0
img_05600_2024,0,3.6540473e-07,0
img_05592_2024,0,1.5136524e-05,0
img_05613_2024,0,0.018324379,0
img_05611_2024,0,3.167739e-05,0
img_05599_2024,0,0.00027812534,0
img_05612_2024,0,0.0018092428,0
img_05608_2024,0,4.8549762e-05,0
img_05605_2024,0,0.00013248176,0
img_05610_2024,0,5.862944e-05,0
img_05609_2024,0,0.010649878,0
img_05620_2024,0,8.4599336e-08,0
img_05615_2024,0,0.0007085432,0
img_05616_2024,0,0.0002675981,0
img_05622_2024,0,0.00044242063,0
img_05623_2024,0,4.2436527e-06,0
img_05624_2024,0,0.00019377736,0
img_05606_2024,0,3.7966814e-07,0
img_05618_2024,0,5.56201e-06,0
img_05625_2024,0,0.00012035502,0
img_05617_2024,0,0.00031829314,0
img_05626_2024,0,2.2756376e-05,0
img_05621_2024,0,0.0003707835,0
img_05628_2024,0,2.5652138e-05,0
img_05630_2024,0,0.0205146,0
img_05619_2024,0,4.0481886e-05,0
img_05614_2024,0,1.3918655e-06,0
img_05636_2024,0,0.00020069699,0
img_05633_2024,0,0.00027289955,0
img_05632_2024,0,0.37517905,1
img_05634_2024,0,0.54251206,1
img_05631_2024,0,0.7991793,1
img_05629_2024,0,1.7609174e-05,0
img_05643_2024,0,1.0447571e-05,0
img_05642_2024,0,0.00026003493,0
img_05627_2024,0,4.9183378e-05,0
img_05635_2024,0,0.0007657902,0
img_05640_2024,0,0.012053428,0
img_05644_2024,0,0.0005089054,0
img_05637_2024,0,4.6190203e-07,0
img_05646_2024,0,0.007150409,0
img_05639_2024,0,0.0001175262,0
img_05641_2024,0,0.04610311,0
img_05649_2024,0,0.003086226,0
img_05648_2024,0,1.8107227e-06,0
img_05638_2024,0,0.00027541118,0
img_05650_2024,0,1.877834e-05,0
img_05645_2024,0,2.8447183e-05,0
img_05651_2024,0,0.00035358183,0
img_05652_2024,0,0.00028986638,0
img_05647_2024,0,0.00040793384,0
img_05654_2024,0,1.2625402e-05,0
img_05661_2024,0,7.838256e-05,0
img_05653_2024,0,5.6282297e-05,0
img_05658_2024,0,1.3995541e-05,0
img_05666_2024,0,0.0063046063,0
img_05655_2024,0,0.00661428,0
img_05659_2024,0,0.0042336835,0
img_05663_2024,0,2.9695475e-05,0
img_05665_2024,0,0.0014261052,0
img_05656_2024,0,0.00013082393,0
img_05667_2024,0,0.00016090107,0
img_05668_2024,0,1.28254815e-05,0
img_05657_2024,0,4.1008887e-05,0
img_05670_2024,0,0.00015429716,0
img_05662_2024,0,0.3748828,1
img_05660_2024,0,1.0098412e-06,0
img_05664_2024,0,0.0001856593,0
img_05671_2024,0,3.360474e-05,0
img_05673_2024,0,1.9385321e-05,0
img_05675_2024,0,0.0011838276,0
img_05676_2024,0,0.022333171,0
img_05672_2024,0,5.5670036e-05,0
img_05679_2024,0,2.1061785e-05,0
img_05674_2024,0,1.6790267e-06,0
img_05677_2024,0,0.013780088,0
img_05684_2024,0,0.002361946,0
img_05680_2024,0,2.8536004e-05,0
img_05681_2024,0,0.3576464,1
img_05688_2024,0,0.00045934707,0
img_05686_2024,0,0.024586584,0
img_05683_2024,0,0.03835937,0
img_05685_2024,0,0.00032348212,0
img_05691_2024,0,7.0614697e-06,0
img_05678_2024,0,0.0014979793,0
img_05693_2024,0,2.1039127e-06,0
img_05692_2024,0,8.428296e-06,0
img_05689_2024,0,0.0004179974,0
img_05694_2024,0,0.00020843722,0
img_05690_2024,0,0.000111844995,0
img_05669_p01_2024,0,4.622908e-06,0
img_05669_p02_2024,0,9.656628e-06,0
img_05687_2024,0,6.13663e-05,0
img_05696_2024,0,0.0006484647,0
img_05697_2024,0,2.1801334e-06,0
img_05701_2024,0,2.4763558e-06,0
img_05698_2024,0,1.5113574e-05,0
img_05700_2024,0,0.005869407,0
img_05702_2024,0,0.007841334,0
img_05699_2024,0,3.98361e-06,0
img_05705_2024,0,4.2417774e-05,0
img_05707_2024,0,1.0626719e-05,0
img_05703_2024,0,8.754548e-05,0
img_05695_2024,0,2.3818087e-05,0
img_05709_2024,0,1.2051295e-05,0
img_05710_2024,0,0.00042291445,0
img_05708_2024,0,0.0081227645,0
img_05704_2024,0,2.4910842e-06,0
img_05711_2024,0,1.8564651e-06,0
img_05713_2024,0,3.4485286e-06,0
img_05714_2024,0,4.6389523e-06,0
img_05706_2024,0,2.463354e-06,0
img_05712_2024,0,4.0845043e-06,0
img_05716_2024,0,1.4841113e-05,0
img_05718_2024,0,0.00029684868,0
img_05715_2024,0,0.0047522197,0
img_05722_2024,0,0.0016200868,0
img_05717_2024,0,1.5986114e-06,0
img_05721_2024,0,1.4993338e-06,0
img_05726_2024,0,0.014080795,0
img_05720_2024,0,0.00035404935,0
img_05731_2024,0,4.673631e-05,0
img_05728_2024,0,2.7835114e-05,0
img_05723_2024,0,1.7714887e-06,0
img_05735_2024,0,0.014003674,0
img_05725_2024,0,0.00035501833,0
img_05733_2024,0,7.11786e-05,0
img_05729_2024,0,5.242696e-06,0
img_05739_2024,0,6.3330835e-06,0
img_05734_2024,0,0.0014570443,0
img_05741_2024,0,0.00051407557,0
img_05738_2024,0,3.6360176e-05,0
img_05737_2024,0,7.683797e-05,0
img_05682_p01_2024,0,7.123847e-06,0
img_05682_p02_2024,0,6.8323825e-06,0
img_05682_p03_2024,0,7.960175e-06,0
img_05744_2024,0,8.891029e-06,0
img_05732_2024,0,0.0012703477,0
img_05367_p01_2024,0,9.34597e-06,0
img_05367_p02_2024,0,0.00014286903,0
img_05367_p03_2024,0,2.8382472e-05,0
img_05367_p04_2024,0,1.0225099e-05,0
img_05367_p05_2024,0,1.9684412e-05,0
img_05367_p06_2024,0,1.4724868e-06,0
img_05367_p07_2024,0,6.7892024e-06,0
img_05367_p08_2024,0,4.7723843e-06,0
img_05367_p09_2024,0,2.8930629e-06,0
img_05367_p10_2024,0,3.6394617e-06,0
img_05367_p11_2024,0,1.7117636e-06,0
img_05367_p12_2024,0,2.5292172e-07,0
img_05367_p13_2024,0,1.8153987e-05,0
img_05367_p14_2024,0,8.025951e-06,0
img_05367_p15_2024,0,3.908908e-06,0
img_05367_p16_2024,0,8.889053e-07,0
img_05367_p17_2024,0,2.8199416e-05,0
img_05743_2024,0,4.6769794e-05,0
img_05745_2024,0,0.020172333,0
img_05742_2024,0,0.005350608,0
img_05748_2024,0,4.837322e-05,0
img_05740_2024,0,1.9051762e-05,0
img_05746_2024,0,0.00088252267,0
img_05747_2024,0,3.0025165e-06,0
img_05749_2024,0,0.0027803245,0
img_05750_2024,0,3.0398112e-07,0
img_05719_p01_2024,0,2.9067216e-06,0
img_05719_p02_2024,0,6.0941585e-07,0
img_05736_2024,0,5.8313035e-06,0
img_05751_2024,0,0.00030397504,0
img_05753_2024,0,0.00015965063,0
img_05754_2024,0,6.57826e-05,0
img_05756_2024,0,3.3708762e-05,0
img_05755_2024,0,0.0006872706,0
img_05757_2024,0,3.4168996e-05,0
img_05763_2024,0,9.213501e-06,0
img_05762_2024,0,2.5775802e-05,0
img_05758_2024,0,0.00034097032,0
img_05760_2024,0,4.202285e-06,0
img_05759_2024,0,7.1290597e-06,0
img_05764_2024,0,2.0818856e-05,0
img_05766_2024,0,0.0019025701,0
img_05761_2024,0,1.5067762e-06,0
img_05767_2024,0,0.0029533177,0
img_05752_2024,0,4.6323777e-05,0
img_05765_2024,0,0.00034629653,0
img_05771_2024,0,0.015354207,0
img_05770_2024,0,1.061459e-06,0
img_05773_2024,0,0.008931899,0
img_05777_2024,0,2.0972573e-05,0
img_05772_2024,0,0.003363582,0
img_05769_2024,0,6.5996724e-06,0
img_05780_2024,0,5.6597964e-05,0
img_05779_2024,0,1.3465385e-06,0
img_05774_2024,0,0.00022136932,0
img_05730_p02_2024,0,1.3002301e-06,0
img_05730_p03_2024,0,3.389295e-07,0
img_05730_p04_2024,0,9.001067e-07,0
img_05775_2024,0,0.0016890495,0
img_05786_2024,0,0.00047262103,0
img_05787_2024,0,1.4778829e-05,0
img_05776_2024,0,9.942948e-05,0
img_05781_2024,0,0.001626903,0
img_05783_2024,0,0.0044433987,0
img_05784_2024,0,2.3586088e-05,0
img_05782_2024,0,1.8745903e-06,0
img_05788_2024,0,0.050485007,0
img_05785_2024,0,5.151841e-06,0
img_05791_2024,0,6.526125e-05,0
img_05778_2024,0,5.9756945e-05,0
img_05790_2024,0,0.00010623945,0
img_05793_2024,0,4.950977e-05,0
img_05794_2024,0,1.5334352e-06,0
img_05792_2024,0,1.6508391e-05,0
img_05797_2024,0,5.3148956e-06,0
img_05789_2024,0,2.1554904e-06,0
img_05795_2024,0,0.00044714767,0
img_05796_2024,0,0.0071424376,0
img_05800_2024,0,0.0002930561,0
img_05801_2024,0,8.114248e-06,0
img_05798_2024,0,1.9439953e-05,0
img_05802_2024,0,0.00021360302,0
img_05803_2024,0,0.0013965206,0
img_05799_2024,0,1.7430415e-06,0
img_05804_2024,0,2.3052457e-06,0
img_05807_2024,0,3.713286e-06,0
img_05805_2024,0,2.042563e-06,0
img_05813_2024,0,1.7706303e-05,0
img_05808_2024,0,1.6038629e-06,0
img_05806_2024,0,5.238898e-05,0
img_05810_2024,0,0.0012258897,0
img_05811_2024,0,5.6727267e-06,0
img_05724_p01_2024,0,6.8511014e-07,0
img_05724_p02_2024,0,1.5188037e-07,0
img_05724_p03_2024,0,3.938354e-05,0
img_05724_p04_2024,0,1.7968423e-06,0
img_05724_p05_2024,0,2.901853e-07,0
img_05724_p06_2024,0,3.7308493e-07,0
img_05809_2024,0,0.000306319,0
img_05814_2024,0,0.0045290487,0
img_05816_2024,0,0.00019824109,0
img_05812_2024,0,0.0010882046,0
img_05815_2024,0,2.8746865e-05,0
img_05820_2024,0,2.4022436e-06,0
img_05819_2024,0,4.53306e-05,0
img_05818_2024,0,2.8749514e-06,0
img_05822_2024,0,1.0402088e-05,0
img_05821_2024,0,2.4363158e-06,0
img_05823_2024,0,0.0008846957,0
img_05817_2024,0,8.838135e-05,0
img_05827_2024,0,6.260438e-05,0
img_05831_2024,0,2.7913693e-05,0
img_05825_2024,0,1.1251333e-06,0
img_05826_2024,0,0.007295046,0
img_05824_2024,0,1.4362151e-05,0
img_05830_2024,0,3.4829736e-05,0
img_05828_2024,0,0.0070344307,0
img_05834_2024,0,0.009620091,0
img_05829_2024,0,5.103125e-05,0
img_05833_2024,0,1.2694027e-05,0
img_05832_2024,0,0.00068895204,0
img_05838_2024,0,1.8141192e-06,0
img_05836_2024,0,8.00483e-06,0
img_05839_2024,0,7.979649e-05,0
img_05840_2024,0,6.469614e-05,0
img_05841_2024,0,5.8601934e-05,0
img_05842_2024,0,0.00046133643,0
img_05848_2024,0,0.00039079625,0
img_05844_2024,0,0.00017057797,0
img_05846_2024,0,0.000468152,0
img_05837_2024,0,0.0002039529,0
img_05843_2024,0,1.6588215e-06,0
img_05835_2024,0,0.026124677,0
img_05847_2024,0,0.00026593855,0
img_05845_2024,0,4.6921264e-06,0
img_05855_2024,0,6.916067e-05,0
img_05852_2024,0,1.5781574e-06,0
img_05854_2024,0,0.00025191062,0
img_05859_2024,0,0.00010675809,0
img_05853_2024,0,1.05358e-05,0
img_05860_2024,0,4.9714632e-05,0
img_05851_2024,0,3.2680506e-05,0
img_05862_2024,0,0.026779506,0
img_05857_2024,0,0.00119522,0
img_05861_2024,0,0.008705094,0
img_05856_2024,0,6.0241414e-06,0
img_05865_2024,0,1.4423685e-05,0
img_05850_2024,0,0.00082192523,0
img_05849_2024,0,0.0034059482,0
img_05868_2024,0,0.029655289,0
img_05768_p01_2024,0,1.680393e-06,0
img_05768_p02_2024,0,8.678794e-08,0
img_05768_p03_2024,0,2.3796654e-06,0
img_05768_p04_2024,0,1.0816879e-05,0
img_05768_p05_2024,0,1.6894615e-05,0
img_05768_p06_2024,0,3.4639477e-06,0
img_05866_2024,0,0.4520968,1
img_05867_2024,0,3.350845e-06,0
img_05863_2024,0,6.089035e-07,0
img_05870_2024,0,0.0004044684,0
img_05873_2024,0,2.6202986e-07,0
img_05869_2024,0,1.4855111e-06,0
img_05864_2024,0,8.88546e-06,0
img_05872_2024,0,1.3337439e-05,0
img_05871_2024,0,0.011246809,0
img_05876_2024,0,0.00020887014,0
img_05878_2024,0,2.339625e-05,0
img_05874_2024,0,1.0326722e-05,0
img_05881_2024,0,3.6080344e-06,0
img_05885_2024,0,0.00031553226,0
img_05877_2024,0,6.4065134e-05,0
img_05883_2024,0,5.971752e-05,0
img_05882_2024,0,3.656359e-05,0
img_05887_2024,0,0.00011982346,0
img_05879_2024,0,0.0050825947,0
img_05888_2024,0,0.08477465,0
img_05891_2024,0,4.5701236e-05,0
img_05890_2024,0,0.16418532,0
img_05886_2024,0,0.00083240063,0
img_05893_2024,0,0.00067448424,0
img_05884_2024,0,0.058482904,0
img_05889_2024,0,0.0011107742,0
img_05875_p01_2024,0,1.5173059e-05,0
img_05875_p02_2024,0,2.6392177e-05,0
img_05892_2024,0,4.035367e-06,0
img_05898_2024,0,0.00044308873,0
img_05880_2024,0,1.1206944e-06,0
img_05895_2024,0,9.2371876e-05,0
img_05896_2024,0,0.00013050882,0
img_05894_2024,0,7.15385e-05,0
img_05897_2024,0,3.7435846e-05,0
img_05901_2024,0,7.721296e-06,0
img_05900_2024,0,1.8440236e-05,0
img_05899_2024,0,0.0008351416,0
img_05902_2024,0,0.0001471924,0
img_05903_2024,0,0.0003016614,0
img_05904_2024,0,2.1369617e-05,0
img_05910_2024,0,0.0011868146,0
img_05908_2024,0,5.6491146e-05,0
img_05912_2024,0,0.0003250554,0
img_05914_2024,0,0.00030312914,0
img_05907_2024,0,3.696027e-06,0
img_05913_2024,0,0.037388116,0
img_05906_2024,0,0.11285493,0
img_05915_2024,0,1.3573385e-05,0
img_05911_2024,0,0.00017028919,0
img_05909_2024,0,0.013795416,0
img_05916_2024,0,9.484587e-05,0
img_05905_2024,0,2.2998088e-06,0
img_05918_2024,0,5.2289404e-05,0
img_05917_2024,0,4.294814e-06,0
img_05923_2024,0,0.03223027,0
img_05919_2024,0,0.9778463,1
img_05921_2024,0,0.00022942686,0
img_05922_2024,0,0.00012237922,0
img_05925_2024,0,0.00063806935,0
img_05920_2024,0,0.00019244722,0
img_05929_2024,0,0.00031839695,0
img_05926_2024,0,0.0020073156,0
img_05931_2024,0,5.594471e-06,0
img_05928_2024,0,0.8055398,1
img_05927_2024,0,2.1503865e-05,0
img_05932_2024,0,7.388872e-05,0
img_05924_2024,0,1.0067554e-05,0
img_05933_2024,0,0.0007661252,0
img_05930_2024,0,9.203004e-05,0
img_05943_2024,0,3.5222914e-05,0
img_05942_2024,0,2.1017122e-05,0
img_05944_2024,0,8.558523e-06,0
img_05934_2024,0,0.0001511693,0
img_05939_2024,0,9.618823e-05,0
img_05935_2024,0,7.1500376e-06,0
img_05937_2024,0,9.268634e-06,0
img_05940_2024,0,0.00036806925,0
img_05946_2024,0,1.9029754e-05,0
img_05941_2024,0,7.173259e-06,0
img_05949_2024,0,0.6744036,1
img_05947_2024,0,2.8652852e-05,0
img_05936_2024,0,0.00073144096,0
img_05948_2024,0,6.366389e-06,0
img_05858_p01_2024,0,1.379048e-06,0
img_05858_p02_2024,0,1.0466682e-06,0
img_05858_p03_2024,0,1.0763172e-06,0
img_05858_p04_2024,0,8.790815e-07,0
img_05951_2024,0,4.9035432e-05,0
img_05950_2024,0,3.1586542e-06,0
img_05954_2024,0,0.0048243483,0
img_05956_2024,0,7.129898e-05,0
img_05955_2024,0,0.001998714,0
img_05953_2024,0,6.041539e-06,0
img_05952_2024,0,1.0738964e-06,0
img_05957_2024,0,0.0030243609,0
img_05959_2024,0,0.0055981637,0
img_05938_p01_2024,0,0.00010312109,0
img_05938_p02_2024,0,0.00026615363,0
img_05961_2024,0,5.9721682e-05,0
img_05962_2024,0,0.003648874,0
img_05963_2024,0,0.000682851,0
img_05727_p01_2024,0,8.19497e-06,0
img_05727_p02_2024,0,8.913621e-06,0
img_05727_p03_2024,0,1.5548984e-06,0
img_05727_p04_2024,0,1.8352513e-06,0
img_05727_p05_2024,0,6.4046253e-06,0
img_05727_p06_2024,0,3.171257e-07,0
img_05727_p07_2024,0,0.05071689,0
img_05727_p08_2024,0,3.6618616e-07,0
img_05727_p09_2024,0,1.2956387e-07,0
img_05727_p10_2024,0,2.0544783e-05,0
img_05727_p11_2024,0,1.7213156e-06,0
img_05965_2024,0,1.1256129e-06,0
img_05966_2024,0,0.008005486,0
img_05964_2024,0,0.00012845681,0
img_05958_2024,0,4.3651585e-07,0
img_05971_2024,0,0.0034306536,0
img_05973_2024,0,5.5986075e-06,0
img_05960_2024,0,1.4421663e-05,0
img_05967_2024,0,0.0103388075,0
img_05970_2024,0,0.0034017942,0
img_05976_2024,0,0.0140263,0
img_05981_2024,0,1.9525591e-07,0
img_05977_2024,0,0.0018688438,0
img_05978_2024,0,5.964324e-06,0
img_05972_2024,0,5.650751e-06,0
img_05979_2024,0,3.4597715e-06,0
img_05982_2024,0,3.4997713e-05,0
img_05985_2024,0,0.9418242,1
img_05968_2024,0,2.9432072e-06,0
img_05987_2024,0,3.7599926e-05,0
img_05983_2024,0,0.0012673493,0
img_05993_2024,0,0.21095967,1
img_05991_2024,0,1.2411259e-05,0
img_05992_2024,0,0.00047494596,0
img_05984_2024,0,0.00048161388,0
img_05989_2024,0,8.258962e-07,0
img_05986_2024,0,1.3368804e-05,0
img_05990_2024,0,0.003368642,0
img_05969_2024,0,0.0046816603,0
img_05980_2024,0,9.382925e-05,0
img_05996_2024,0,0.00012667892,0
img_05998_2024,0,5.7687288e-05,0
img_05995_2024,0,4.1964254e-06,0
img_05997_2024,0,6.0491173e-05,0
img_05994_2024,0,8.0586884e-05,0
img_05988_2024,0,4.267685e-07,0
img_06000_2024,0,5.563044e-05,0
img_06002_2024,0,0.00011119027,0
img_05999_2024,0,1.691451e-05,0
img_06006_2024,0,0.00017128386,0
img_05945_p01_2024,0,1.6973156e-06,0
img_05945_p02_2024,0,1.2918653e-05,0
img_05945_p03_2024,0,1.4456499e-07,0
img_05945_p04_2024,0,4.885129e-07,0
img_06001_2024,0,7.757048e-06,0
img_06004_2024,0,0.9958133,1
img_06003_2024,0,1.1316006e-06,0
img_06007_2024,0,0.920691,1
img_06008_2024,0,0.00014596734,0
img_06005_2024,0,1.1385729e-06,0
img_06010_2024,0,0.001757136,0
img_06012_2024,0,1.0427207e-05,0
img_06014_2024,0,0.17756565,0
img_06009_2024,0,0.12005278,0
img_06017_2024,0,1.2427296e-05,0
img_05975_p01_2024,0,4.974263e-06,0
img_05975_p02_2024,0,1.6368414e-06,0
img_06013_2024,0,0.005620042,0
img_06011_2024,0,0.0031729739,0
img_06015_2024,0,6.936959e-05,0
img_06020_2024,0,3.131701e-06,0
img_06019_2024,0,1.3855602e-06,0
img_06021_2024,0,9.67357e-06,0
img_06022_2024,0,2.1177361e-06,0
img_06018_2024,0,5.8772625e-06,0
img_06023_2024,0,4.8643047e-05,0
img_06016_2024,0,1.30560065e-05,0
img_06024_2024,0,8.069846e-05,0
img_06034_2024,0,0.00027550047,0
img_06032_2024,0,0.00019981903,0
img_06029_2024,0,5.9020764e-05,0
img_06031_2024,0,0.0012872154,0
img_06025_2024,0,1.1929458e-05,0
img_06030_2024,0,0.0003579193,0
img_06036_2024,0,3.850058e-05,0
img_06028_2024,0,1.6333157e-06,0
img_05974_p01_2024,0,0.00041560963,0
img_05974_p02_2024,0,3.413139e-07,0
img_05974_p03_2024,0,0.00014304896,0
img_06040_2024,0,0.00014835135,0
img_06039_2024,0,1.658252e-06,0
img_06033_2024,0,4.8219164e-05,0
img_06027_2024,0,0.00027075317,0
img_06042_2024,0,9.0992864e-07,0
img_06038_2024,0,1.6546644e-05,0
img_06037_2024,0,0.00012195379,0
img_06043_2024,0,6.7509927e-06,0
img_06041_2024,0,8.52891e-07,0
img_06026_2024,0,0.0008436128,0
img_06045_2024,0,2.0086394e-05,0
img_06049_2024,0,4.1102776e-05,0
img_06048_2024,0,1.9474615e-05,0
img_06044_2024,0,1.3816857e-07,0
img_06052_2024,0,1.3180094e-05,0
img_06056_2024,0,0.0002343871,0
img_06047_2024,0,5.903506e-05,0
img_06046_2024,0,2.2270277e-07,0
img_06053_2024,0,5.862322e-06,0
img_06057_2024,0,0.00015673318,0
img_06051_2024,0,0.00019688312,0
img_06054_2024,0,0.006528122,0
img_06062_2024,0,0.0024981736,0
img_06060_2024,0,1.8526413e-05,0
img_06058_2024,0,5.4130305e-07,0
img_06050_2024,0,5.4150743e-05,0
img_06059_2024,0,0.0016210637,0
img_06066_2024,0,0.00010894272,0
img_06065_2024,0,0.00020784404,0
img_06055_2024,0,0.00010389364,0
img_06073_2024,0,9.071931e-06,0
img_06071_2024,0,7.538941e-05,0
img_06072_2024,0,9.649558e-06,0
img_06067_2024,0,6.6863686e-06,0
img_06070_2024,0,0.032873675,0
img_06064_2024,0,2.1921083e-05,0
img_06063_2024,0,0.0020747692,0
img_06074_2024,0,0.0005881907,0
img_06075_2024,0,5.97509e-06,0
img_06069_2024,0,6.733427e-06,0
img_06077_2024,0,0.0002753589,0
img_06076_2024,0,5.8113765e-05,0
img_06080_2024,0,5.931954e-05,0
img_06079_2024,0,0.00046639593,0
img_06078_2024,0,0.8622624,1
img_06068_2024,0,0.00040554424,0
img_06085_2024,0,2.688892e-05,0
img_06084_2024,0,0.0006928216,0
img_06082_2024,0,0.0020464698,0
img_06088_2024,0,2.2113984e-05,0
img_06081_2024,0,1.3961436e-06,0
img_06089_2024,0,0.00060827826,0
img_06083_2024,0,0.027478162,0
img_06086_2024,0,2.4593877e-05,0
img_06090_2024,0,5.8396176e-06,0
img_06092_2024,0,7.539359e-05,0
img_06091_2024,0,0.022351366,0
img_06094_2024,0,0.00022394932,0
img_06096_2024,0,0.02212419,0
img_06095_2024,0,2.5603688e-06,0
img_06097_2024,0,5.2175494e-07,0
img_06098_2024,0,0.00047428178,0
img_06101_2024,0,0.00022728532,0
img_06099_2024,0,7.740955e-05,0
img_06102_2024,0,0.749327,1
img_06105_2024,0,0.00010068194,0
img_06104_2024,0,1.6952976e-05,0
img_06100_2024,0,0.09784084,0
img_06103_2024,0,3.149155e-05,0
img_06106_2024,0,0.00060939905,0
img_06107_2024,0,0.00014281046,0
img_06108_2024,0,0.0001308495,0
img_06110_2024,0,8.4218125e-05,0
img_06112_2024,0,0.0014036868,0
img_06109_2024,0,0.00010756044,0
img_06111_2024,0,1.5315061e-05,0
img_06113_2024,0,6.150531e-07,0
img_06115_2024,0,0.00085173233,0
img_06116_2024,0,0.00041676057,0
img_06114_2024,0,6.124558e-05,0
img_06120_2024,0,0.0042941794,0
img_06121_2024,0,0.00043112735,0
img_06122_2024,0,0.00054151093,0
img_06119_2024,0,0.011232051,0
img_06117_2024,0,2.435268e-06,0
img_06126_2024,0,8.483838e-05,0
img_06118_2024,0,0.000110527566,0
img_06123_2024,0,2.5908734e-05,0
img_06061_p01_2024,0,3.4121247e-06,0
img_06061_p02_2024,0,2.0156856e-05,0
img_06061_p03_2024,0,6.745992e-05,0
img_06061_p04_2024,0,2.1409534e-05,0
img_06127_2024,0,3.992231e-05,0
img_06129_2024,0,3.774014e-06,0
img_06128_2024,0,4.0911196e-05,0
img_06133_2024,0,0.00043875643,0
img_06131_2024,0,0.005136111,0
img_06132_2024,0,0.003470077,0
img_06138_2024,0,2.1923175e-05,0
img_06136_2024,0,2.9105192e-06,0
img_06035_p01_2024,0,1.1900767e-05,0
img_06035_p02_2024,0,1.43309435e-05,0
img_06035_p03_2024,0,7.411499e-06,0
img_06035_p04_2024,0,1.0693935e-06,0
img_06141_2024,0,0.014712238,0
img_06134_2024,0,0.0018557655,0
img_06139_2024,0,0.0005675626,0
img_06124_2024,0,1.1069906e-06,0
img_06135_2024,0,5.061604e-05,0
img_06137_2024,0,0.00018832425,0
img_06140_2024,0,6.387598e-07,0
img_06142_2024,0,0.000223302,0
img_06145_2024,0,0.0010475013,0
img_06144_2024,0,8.763562e-06,0
img_06125_p01_2024,0,1.1992822e-06,0
img_06125_p02_2024,0,1.3594389e-06,0
img_06146_2024,0,1.2925487e-06,0
img_06150_2024,0,0.12390334,0
img_06143_2024,0,3.0804067e-06,0
img_06149_2024,0,0.0035515875,0
img_06151_2024,0,1.3768015e-05,0
img_06148_2024,0,0.0012679356,0
img_06153_2024,0,0.00069214514,0
img_06155_2024,0,1.7543167e-06,0
img_06154_2024,0,5.1565844e-06,0
img_06156_2024,0,0.0009847995,0
img_06093_p01_2024,0,1.1739759e-06,0
img_06093_p02_2024,0,5.621151e-07,0
img_06093_p03_2024,0,1.0913977e-06,0
img_06093_p04_2024,0,1.9935126e-06,0
img_06152_2024,0,0.00039331813,0
img_06158_2024,0,6.546925e-07,0
img_06157_2024,0,2.1208294e-05,0
img_06161_2024,0,0.000782991,0
img_06160_2024,0,2.3513448e-06,0
img_06166_2024,0,3.977351e-07,0
img_06165_2024,0,0.0011079726,0
img_06167_2024,0,1.0350394e-05,0
img_06162_2024,0,8.068585e-05,0
img_06168_2024,0,0.012164996,0
img_06164_2024,0,0.022959618,0
img_06159_2024,0,5.837808e-06,0
img_06171_2024,0,0.0005185716,0
img_06163_2024,0,0.0006364596,0
img_06170_2024,0,0.001890375,0
img_06172_2024,0,0.00020606516,0
img_06173_2024,0,3.8209635e-07,0
img_06174_2024,0,0.8187597,1
img_06175_2024,0,0.00066396437,0
img_06178_2024,0,9.671854e-06,0
img_06181_2024,0,0.0077844867,0
img_06179_2024,0,0.00015112219,0
img_06180_2024,0,0.0019109206,0
img_06184_2024,0,0.00014985842,0
img_06183_2024,0,0.0004909746,0
img_06185_2024,0,0.000103932274,0
img_06182_2024,0,2.314807e-06,0
img_06188_2024,0,0.00062143576,0
img_06177_2024,0,2.9080447e-05,0
img_06191_2024,0,0.0003652756,0
img_06187_2024,0,2.3154309e-05,0
img_06189_2024,0,4.565058e-05,0
img_06194_2024,0,0.0023257234,0
img_06197_2024,0,8.9122055e-05,0
img_06196_2024,0,1.13007645e-05,0
img_06192_2024,0,0.94261247,1
img_06190_2024,0,0.00056878617,0
img_06176_p01_2024,0,4.8474317e-06,0
img_06176_p02_2024,0,4.9783324e-05,0
img_06202_2024,0,0.001113375,0
img_06200_2024,0,0.0025042112,0
img_06195_2024,0,5.229095e-05,0
img_06193_2024,0,1.3015442e-05,0
img_06203_2024,0,2.3619354e-05,0
img_06201_2024,0,0.00010286594,0
img_06204_2024,0,2.9029932e-05,0
img_06206_2024,0,0.00042425527,0
img_06207_2024,0,3.0267696e-05,0
img_06209_2024,0,0.00016922347,0
img_06205_2024,0,6.165781e-06,0
img_06212_2024,0,8.658731e-06,0
img_06210_2024,0,2.6396312e-06,0
img_06211_2024,0,0.00012095098,0
img_06215_2024,0,0.021250922,0
img_06214_2024,0,1.0047834e-05,0
img_06087_p01_2024,0,1.6307989e-06,0
img_06087_p02_2024,0,4.6013206e-06,0
img_06087_p03_2024,0,1.1961821e-06,0
img_06087_p04_2024,0,4.0830864e-06,0
img_06087_p05_2024,0,5.7464484e-05,0
img_06087_p06_2024,0,8.3234204e-07,0
img_06216_2024,0,7.438846e-06,0
img_06213_2024,0,7.071066e-07,0
img_06208_2024,0,5.751227e-06,0
img_06147_p01_2024,0,1.7290253e-06,0
img_06147_p02_2024,0,1.1346825e-06,0
img_06147_p03_2024,0,5.3793e-06,0
img_06147_p04_2024,0,1.3077341e-05,0
img_06130_p01_2024,0,7.709198e-07,0
img_06130_p02_2024,0,2.9026746e-06,0
img_06130_p03_2024,0,1.471636e-06,0
img_06130_p04_2024,0,8.790012e-06,0
img_06217_2024,0,3.782279e-05,0
img_06219_2024,0,0.0020131252,0
img_06218_2024,0,8.217017e-07,0
img_06225_2024,0,0.0009417861,0
img_06224_2024,0,0.8455139,1
img_06223_2024,0,1.2082941e-06,0
img_06221_2024,0,3.2140792e-06,0
img_06231_2024,0,3.5417637e-05,0
img_06228_2024,0,5.6547015e-07,0
img_06229_2024,0,0.00037314266,0
img_06222_2024,0,8.752376e-07,0
img_06234_2024,0,0.8416451,1
img_06226_2024,0,2.967549e-05,0
img_06235_2024,0,0.008676491,0
img_06230_2024,0,1.011279e-05,0
img_06237_2024,0,0.014347715,0
img_06169_p01_2024,0,9.61214e-06,0
img_06169_p02_2024,0,1.3195513e-05,0
img_06169_p03_2024,0,8.519078e-06,0
img_06169_p04_2024,0,7.578889e-05,0
img_06241_2024,0,0.00034190077,0
img_06236_2024,0,0.00031528086,0
img_06233_2024,0,0.00026005798,0
img_06240_2024,0,1.1982649e-05,0
img_06227_2024,0,8.778853e-06,0
img_06232_2024,0,6.5104425e-05,0
img_06245_2024,0,5.134644e-06,0
img_06238_2024,0,1.5772872e-05,0
img_06246_2024,0,5.4180033e-05,0
img_06242_2024,0,1.987199e-05,0
img_06247_2024,0,0.0006083562,0
img_06239_2024,0,0.022570394,0
img_06251_2024,0,2.0327774e-05,0
img_06250_2024,0,0.001027683,0
img_06249_2024,0,4.35237e-06,0
img_06252_2024,0,1.7227953e-06,0
img_06244_2024,0,0.00027377543,0
img_06243_2024,0,2.857357e-06,0
img_06255_2024,0,0.00014642975,0
img_06248_2024,0,0.00035924363,0
img_06260_2024,0,0.00022568516,0
img_06253_2024,0,0.00016337371,0
img_06263_2024,0,2.0165278e-05,0
img_06259_2024,0,4.078117e-05,0
img_06254_2024,0,0.016089628,0
img_06257_2024,0,0.011198937,0
img_06258_2024,0,2.5659698e-05,0
img_06256_2024,0,0.002373089,0
img_06266_2024,0,0.9728664,1
img_06261_2024,0,0.0065212236,0
img_06262_2024,0,3.1154963e-05,0
img_06268_2024,0,3.494975e-05,0
img_06269_2024,0,3.379799e-05,0
img_06264_2024,0,2.8009765e-06,0
img_06270_2024,0,2.354913e-06,0
img_06272_2024,0,0.0006926776,0
img_06273_2024,0,0.0009130656,0
img_06267_2024,0,0.0025578241,0
img_06274_2024,0,2.2177805e-05,0
img_06271_2024,0,1.7448247e-05,0
img_06275_2024,0,0.053611204,0
img_06276_2024,0,0.020462058,0
img_06278_2024,0,0.0011110229,0
img_06281_2024,0,3.5133646e-05,0
img_06199_p01_2024,0,1.2500745e-06,0
img_06199_p02_2024,0,1.4312177e-06,0
img_06199_p03_2024,0,4.788952e-06,0
img_06199_p04_2024,0,4.500947e-06,0
img_06279_2024,0,8.3124716e-05,0
img_06280_2024,0,0.0006377955,0
img_06277_2024,0,7.4940144e-05,0
img_06284_2024,0,0.0001466357,0
img_06289_2024,0,2.6233567e-06,0
img_06290_2024,0,4.5591387e-06,0
img_06283_2024,0,0.5400176,1
img_06288_2024,0,4.082051e-05,0
img_06285_2024,0,4.1325498e-07,0
img_06286_2024,0,6.287253e-05,0
img_06282_2024,0,9.480337e-05,0
img_06287_2024,0,0.07198032,0
img_06291_2024,0,4.309432e-05,0
img_06292_2024,0,2.1730218e-06,0
img_06293_2024,0,1.3262289e-05,0
img_06295_2024,0,2.1522557e-05,0
img_06298_2024,0,2.1177959e-05,0
img_06297_2024,0,0.0030231331,0
img_06294_2024,0,2.4046201e-05,0
img_06299_2024,0,4.5970533e-05,0
img_06300_2024,0,3.6795183e-05,0
img_06303_2024,0,3.2844535e-05,0
img_06301_2024,0,1.2137546e-05,0
img_06302_2024,0,2.0936347e-06,0
img_06304_2024,0,0.003887522,0
img_06305_2024,0,0.0006575026,0
img_06306_2024,0,0.0007637991,0
img_06296_2024,0,1.320207e-06,0
img_06310_2024,0,3.3016033e-05,0
img_06311_2024,0,2.2201802e-05,0
img_06308_2024,0,8.510497e-05,0
img_06313_2024,0,0.008748866,0
img_06312_2024,0,0.00011508044,0
img_06307_2024,0,0.00010371615,0
img_06314_2024,0,0.000117014824,0
img_06317_2024,0,0.00020082142,0
img_06316_2024,0,1.7653714e-05,0
img_06319_2024,0,0.00021547964,0
img_06320_2024,0,1.9113118e-06,0
img_06322_2024,0,1.4408919e-05,0
img_06318_2024,0,1.3269715e-05,0
img_06315_2024,0,7.602655e-06,0
img_06321_2024,0,0.00014821491,0
img_06323_2024,0,0.00024287944,0
img_06324_2024,0,3.3906395e-05,0
img_06325_2024,0,0.0016342975,0
img_06328_2024,0,8.449372e-05,0
img_06329_2024,0,0.00042905955,0
img_06326_2024,0,5.801937e-06,0
img_06330_2024,0,0.00036004867,0
img_06333_2024,0,0.0018398138,0
img_06327_2024,0,5.545121e-05,0
img_06334_2024,0,0.001880771,0
img_06265_p01_2024,0,2.965133e-05,0
img_06265_p02_2024,0,1.2709355e-06,0
img_06265_p03_2024,0,1.4551955e-05,0
img_06265_p04_2024,0,4.6386162e-06,0
img_06335_2024,0,4.2538733e-05,0
img_06337_2024,0,5.877649e-06,0
img_06331_2024,0,0.0075924816,0
img_06336_2024,0,0.00034002293,0
img_06332_2024,0,1.7872473e-05,0
img_06338_2024,0,0.00018162701,0
img_06341_2024,0,0.00011272211,0
img_06344_2024,0,0.00015092043,0
img_06342_2024,0,0.889885,1
img_06343_2024,0,0.05234373,0
img_06339_2024,0,0.000689149,0
img_06346_2024,0,0.00033560037,0
img_06345_2024,0,7.3818724e-06,0
img_06350_2024,0,0.00014738031,0
img_06347_2024,0,2.132424e-05,0
img_06349_2024,0,0.00035860974,0
img_06340_2024,0,4.277956e-06,0
img_06348_2024,0,1.0911899e-05,0
img_06351_2024,0,0.016622,0
img_06353_2024,0,0.00074589817,0
img_06352_2024,0,3.84318e-05,0
img_06354_2024,0,7.632032e-06,0
img_06360_2024,0,2.5023151e-05,0
img_06355_2024,0,1.2131159e-05,0
img_06356_2024,0,0.0075889286,0
img_06359_2024,0,0.0021665269,0
img_06358_2024,0,0.000103897604,0
img_06365_2024,0,1.3992738e-05,0
img_06363_2024,0,0.0043380754,0
img_06357_2024,0,0.0029134108,0
img_06220_p01_2024,0,6.3202884e-07,0
img_06220_p02_2024,0,4.340308e-06,0
img_06220_p03_2024,0,7.1767096e-07,0
img_06220_p04_2024,0,1.6587597e-06,0
img_06220_p05_2024,0,0.00030237925,0
img_06220_p06_2024,0,5.634212e-05,0
img_06220_p07_2024,0,2.2084603e-05,0
img_06364_2024,0,2.8226782e-06,0
img_06362_2024,0,9.102147e-05,0
img_06366_2024,0,0.00013211666,0
img_06375_2024,0,0.00025855433,0
img_06367_2024,0,0.00024445832,0
img_06373_2024,0,0.009473432,0
img_06372_2024,0,0.00013613807,0
img_06376_2024,0,2.2761587e-05,0
img_06361_2024,0,1.7161606e-06,0
img_06370_2024,0,0.00319469,0
img_06369_2024,0,0.0018693607,0
img_06377_2024,0,3.3782686e-05,0
img_06378_2024,0,0.0005305146,0
img_06371_2024,0,1.6557174e-06,0
img_06382_2024,0,1.4180799e-05,0
img_06374_2024,0,0.000107571206,0
img_06384_2024,0,0.00021237847,0
img_06385_2024,0,1.3450187e-05,0
img_06368_2024,0,0.0002083512,0
img_06381_2024,0,3.7318187e-05,0
img_06386_2024,0,2.4809158e-05,0
img_06380_2024,0,0.00014656385,0
img_06388_2024,0,4.100819e-06,0
img_06379_2024,0,0.011011083,0
img_06383_2024,0,0.0005435961,0
img_06389_2024,0,1.2806207e-05,0
img_06393_2024,0,2.4123397e-05,0
img_06390_2024,0,4.1437976e-05,0
img_06394_2024,0,9.932591e-05,0
img_06392_2024,0,0.19111419,0
img_06387_2024,0,0.00068184076,0
img_06391_2024,0,1.1095622e-05,0
img_06399_2024,0,2.5859761e-05,0
img_06397_2024,0,0.0036312274,0
img_06402_2024,0,1.9617303e-06,0
img_06395_2024,0,1.963252e-05,0
img_06400_2024,0,0.004457643,0
img_06401_2024,0,1.0577964e-05,0
img_06398_2024,0,0.4973598,1
img_06403_2024,0,0.0067331484,0
img_06396_2024,0,0.003909936,0
img_06409_2024,0,3.2055428e-05,0
img_06405_2024,0,0.0009581891,0
img_06407_2024,0,3.6688525e-05,0
img_06406_2024,0,5.859667e-07,0
img_06411_2024,0,0.00044819785,0
img_06419_2024,0,3.925051e-05,0
img_06412_2024,0,2.9436087e-06,0
img_06408_2024,0,5.7489862e-05,0
img_06414_2024,0,0.0035025447,0
img_06417_2024,0,8.263093e-05,0
img_06413_2024,0,8.619252e-05,0
img_06415_2024,0,3.4772e-06,0
img_06420_2024,0,1.1589666e-07,0
img_06416_2024,0,0.0002445364,0
img_06418_2024,0,1.386701e-06,0
img_06422_2024,0,3.5979906e-06,0
img_06410_2024,0,6.667156e-05,0
img_06424_2024,0,0.1787799,0
img_06423_2024,0,1.2437908e-05,0
img_06425_2024,0,8.125072e-05,0
img_06421_2024,0,6.1687983e-06,0
img_06427_2024,0,1.3970014e-06,0
img_06198_p01_2024,0,2.094989e-06,0
img_06198_p02_2024,0,0.00012054845,0
img_06198_p03_2024,0,2.3111379e-07,0
img_06198_p04_2024,0,5.1884654e-06,0
img_06198_p05_2024,0,6.7908394e-07,0
img_06198_p06_2024,0,8.117546e-07,0
img_06198_p07_2024,0,0.00010106776,0
img_06198_p08_2024,0,4.5781933e-05,0
img_06198_p09_2024,0,1.186127e-05,0
img_06198_p10_2024,0,3.9479305e-06,0
img_06426_2024,0,1.47934925e-05,0
img_06435_2024,0,0.0005765771,0
img_06431_2024,0,2.8750403e-05,0
img_06428_2024,0,1.4506659e-05,0
img_06432_2024,0,0.03628253,0
img_06430_2024,0,2.4626288e-05,0
img_06434_2024,0,1.4216015e-06,0
img_06438_2024,0,0.000118917735,0
img_06433_2024,0,0.00039659336,0
img_06439_2024,0,0.00024909686,0
img_06437_2024,0,0.00015548104,0
img_06441_2024,0,0.0003906927,0
img_06436_2024,0,0.21228147,1
img_06440_2024,0,8.120209e-06,0
img_06444_2024,0,5.463724e-05,0
img_06447_2024,0,1.5735686e-05,0
img_06443_2024,0,3.2504213e-05,0
img_06446_2024,0,1.4043659e-05,0
img_06448_2024,0,0.00010413545,0
img_06445_2024,0,2.4153537e-06,0
img_06459_2024,0,0.00036232383,0
img_06451_2024,0,0.00021541987,0
img_06455_2024,0,7.809472e-05,0
img_06454_2024,0,6.2228987e-06,0
img_06429_p01_2024,0,2.587061e-06,0
img_06429_p02_2024,0,2.1758265e-07,0
img_06442_2024,0,3.3728185e-05,0
img_06449_2024,0,0.89089733,1
img_06460_2024,0,0.007241603,0
img_06453_2024,0,1.3010416e-05,0
img_06452_2024,0,0.00018210735,0
img_06450_2024,0,8.8072375e-06,0
img_06457_2024,0,6.7512956e-06,0
img_06462_2024,0,0.00015929664,0
img_06461_2024,0,4.6416963e-06,0
img_06470_2024,0,0.0032337615,0
img_06469_2024,0,0.0037152572,0
img_06456_2024,0,2.6506437e-05,0
img_06468_2024,0,5.6309923e-06,0
img_06466_2024,0,9.290189e-05,0
img_06464_2024,0,0.0112315845,0
img_06458_2024,0,3.91676e-07,0
img_06471_2024,0,0.0076604714,0
img_06465_2024,0,0.042281967,0
img_06474_2024,0,0.00039149873,0
img_06475_2024,0,3.628902e-05,0
img_06463_2024,0,5.1139057e-05,0
img_06476_2024,0,0.0012906903,0
img_06472_2024,0,0.13198087,0
img_06473_2024,0,1.2304134e-05,0
img_06478_2024,0,0.0001662368,0
img_06477_2024,0,2.8353257e-05,0
img_06482_2024,0,0.03989932,0
img_06483_2024,0,0.0017008131,0
img_06486_2024,0,2.0727568e-05,0
img_06484_2024,0,0.0009230245,0
img_06481_2024,0,4.17995e-06,0
img_06489_2024,0,3.5504883e-05,0
img_06479_2024,0,0.008283799,0
img_06490_2024,0,2.9657636e-05,0
img_06488_2024,0,0.0018653016,0
img_06491_2024,0,0.007048367,0
img_06487_2024,0,0.0002885949,0
img_06493_2024,0,4.5778734e-06,0
img_06492_2024,0,0.017923411,0
img_06494_2024,0,0.0006151895,0
img_06498_2024,0,6.8171015e-05,0
img_06497_2024,0,4.039689e-05,0
img_06501_2024,0,0.00011467185,0
img_06499_2024,0,0.00012324347,0
img_06495_2024,0,1.6107952e-05,0
img_06496_2024,0,5.4522106e-06,0
img_06500_2024,0,1.4931034e-05,0
img_06503_2024,0,9.929844e-05,0
img_06502_2024,0,1.5468304e-05,0
img_06504_2024,0,2.1190928e-05,0
img_06480_p01_2024,0,2.2107179e-06,0
img_06480_p02_2024,0,4.4836816e-06,0
img_06506_2024,0,0.00010395963,0
img_06507_2024,0,9.529802e-06,0
img_06508_2024,0,0.00010474934,0
img_06505_2024,0,5.9584305e-05,0
img_06509_2024,0,1.5702697e-06,0
img_06516_2024,0,2.576005e-05,0
img_06517_2024,0,0.00030006457,0
img_06510_2024,0,3.9853808e-06,0
img_06519_2024,0,0.00026239437,0
img_06511_2024,0,4.0451632e-05,0
img_06513_2024,0,3.7130787e-05,0
img_06521_2024,0,1.622636e-05,0
img_06514_2024,0,2.7524177e-07,0
img_06485_p01_2024,0,2.7781121e-05,0
img_06485_p02_2024,0,1.3362444e-05,0
img_06518_2024,0,5.3730284e-05,0
img_06523_2024,0,0.000625861,0
img_06515_2024,0,9.662284e-06,0
img_06512_2024,0,0.00032446833,0
img_06524_2024,0,3.827449e-05,0
img_06525_2024,0,1.19740025e-05,0
img_06520_2024,0,1.947816e-06,0
img_06526_2024,0,1.6067319e-06,0
img_06529_2024,0,1.5772901e-05,0
img_06528_2024,0,0.00011056351,0
img_06527_2024,0,0.00012478561,0
img_06530_2024,0,2.0710636e-06,0
img_06522_2024,0,7.0173032e-06,0
img_06531_2024,0,5.2580122e-05,0
img_06532_2024,0,8.305975e-05,0
img_06536_2024,0,1.6656551e-05,0
img_06533_2024,0,2.7791236e-06,0
img_06534_2024,0,7.330795e-05,0
img_06309_p01_2024,0,0.0004184814,0
img_06309_p02_2024,0,5.361305e-07,0
img_06309_p03_2024,0,8.039042e-06,0
img_06309_p04_2024,0,4.1920057e-06,0
img_06309_p05_2024,0,1.8889975e-06,0
img_06309_p06_2024,0,7.2704916e-06,0
img_06309_p07_2024,0,4.9318314e-06,0
img_06309_p08_2024,0,1.4358947e-06,0
img_06309_p09_2024,0,1.480236e-07,0
img_06309_p10_2024,0,4.190039e-05,0
img_06309_p11_2024,0,2.190562e-06,0
img_06309_p12_2024,0,5.2354066e-05,0
img_06541_2024,0,0.003013223,0
img_06538_2024,0,3.6513445e-06,0
img_06539_2024,0,0.0025941099,0
img_06540_2024,0,0.012853984,0
img_06537_2024,0,0.024919204,0
img_06542_2024,0,1.9006611e-05,0
img_06535_2024,0,0.0067100194,0
img_06545_2024,0,0.010597328,0
img_06548_2024,0,0.00012144782,0
img_06546_2024,0,0.00010591829,0
img_06544_2024,0,0.0016153421,0
img_06551_2024,0,0.13381268,0
img_06547_2024,0,0.00045964555,0
img_06550_2024,0,0.06411048,0
img_06543_2024,0,0.00016249451,0
img_06553_2024,0,0.17321311,0
img_06404_p01_2024,0,5.8545893e-06,0
img_06404_p02_2024,0,3.053194e-05,0
img_06404_p03_2024,0,9.73127e-06,0
img_06404_p04_2024,0,1.4399577e-05,0
img_06404_p05_2024,0,9.7138945e-06,0
img_06404_p06_2024,0,3.0229878e-06,0
img_06404_p07_2024,0,1.8781011e-06,0
img_06404_p08_2024,0,4.68929e-07,0
img_06554_2024,0,0.00083280564,0
img_06552_2024,0,3.7562438e-06,0
img_06556_2024,0,2.6078438e-05,0
img_06559_2024,0,0.00013351456,0
img_06555_2024,0,5.625257e-05,0
img_06557_2024,0,0.00021969074,0
img_06560_2024,0,3.2914977e-06,0
img_06561_2024,0,0.0057732626,0
img_06549_2024,0,0.0002740648,0
img_06558_2024,0,2.215809e-06,0
img_06562_2024,0,0.0068144565,0
img_06566_2024,0,0.0005335316,0
img_06565_2024,0,1.850607e-05,0
img_06563_2024,0,0.026984645,0
img_06569_2024,0,1.8486773e-05,0
img_06467_p01_2024,0,0.0008517201,0
img_06467_p02_2024,0,0.00069738145,0
img_06467_p03_2024,0,0.00049175095,0
img_06467_p04_2024,0,6.664969e-05,0
img_06467_p05_2024,0,0.00031479882,0
img_06564_2024,0,1.8309704e-05,0
img_06571_2024,0,0.027885782,0
img_06572_2024,0,1.8475191e-06,0
img_06567_2024,0,0.0075395587,0
img_06570_2024,0,6.785176e-06,0
img_06576_2024,0,2.2542907e-05,0
img_06577_2024,0,4.3036207e-06,0
img_06580_2024,0,3.9495546e-05,0
img_06578_2024,0,2.097878e-06,0
img_06574_2024,0,3.991173e-05,0
img_06573_2024,0,0.00041719526,0
img_06583_2024,0,9.72776e-05,0
img_06582_2024,0,1.3750446e-05,0
img_06581_2024,0,0.0020964283,0
img_06575_2024,0,0.00020614042,0
img_06586_2024,0,0.00011951365,0
img_06588_2024,0,0.0031043803,0
img_06587_2024,0,1.9539766e-07,0
img_06590_2024,0,1.4818132e-05,0
img_06568_2024,0,1.5362324e-05,0
img_06579_2024,0,7.960501e-07,0
img_06585_2024,0,2.5190753e-05,0
img_06589_2024,0,5.8555295e-05,0
img_06584_2024,0,4.9141465e-05,0
img_06591_2024,0,3.2593452e-05,0
img_06594_2024,0,0.12941922,0
img_06599_2024,0,0.0006817728,0
img_06597_2024,0,3.990941e-05,0
img_06592_2024,0,6.975453e-05,0
img_06600_2024,0,0.00013744661,0
img_06593_2024,0,3.5648667e-05,0
img_06598_2024,0,2.335717e-05,0
img_06601_2024,0,2.1149197e-05,0
img_06595_2024,0,4.3163177e-06,0
img_06607_2024,0,0.0028320933,0
img_06603_2024,0,2.397732e-05,0
img_06609_2024,0,5.2053365e-06,0
img_06596_2024,0,4.5580367e-05,0
img_06604_2024,0,0.00014242085,0
img_06610_2024,0,3.0422661e-05,0
img_05539_p01_2024,0,6.1836255e-07,0
img_05539_p02_2024,0,7.0615097e-06,0
img_05539_p03_2024,0,5.796571e-05,0
img_05539_p04_2024,0,8.582758e-06,0
img_05539_p05_2024,0,8.7343903e-07,0
img_05539_p06_2024,0,0.00021679237,0
img_05539_p07_2024,0,6.311221e-05,0
img_05539_p08_2024,0,6.035154e-07,0
img_05539_p09_2024,0,1.2025324e-06,0
img_05539_p10_2024,0,1.7366302e-06,0
img_05539_p11_2024,0,5.816352e-06,0
img_05539_p12_2024,0,1.3454755e-06,0
img_05539_p13_2024,0,9.051952e-07,0
img_05539_p14_2024,0,7.210591e-06,0
img_05539_p15_2024,0,4.938732e-07,0
img_05539_p16_2024,0,3.3433087e-06,0
img_05539_p17_2024,0,1.1020892e-06,0
img_05539_p18_2024,0,7.3580344e-07,0
img_05539_p20_2024,0,1.2023605e-05,0
img_05539_p21_2024,0,1.7490078e-06,0
img_05539_p22_2024,0,1.7141667e-06,0
img_05539_p23_2024,0,5.1133793e-07,0
img_05539_p24_2024,0,1.4182108e-06,0
img_05539_p25_2024,0,4.941341e-06,0
img_05539_p26_2024,0,7.230471e-06,0
img_05539_p27_2024,0,1.4347312e-06,0
img_05539_p28_2024,0,1.0515564e-05,0
img_05539_p29_2024,0,1.3763775e-05,0
img_05539_p30_2024,0,1.3036919e-06,0
img_05539_p31_2024,0,9.884505e-06,0
img_05539_p32_2024,0,4.456709e-06,0
img_05539_p33_2024,0,2.948503e-06,0
img_05539_p34_2024,0,3.910739e-06,0
img_05539_p35_2024,0,9.004313e-06,0
img_05539_p36_2024,0,1.2240839e-06,0
img_05539_p37_2024,0,0.00010295269,0
img_05539_p38_2024,0,0.00013118057,0
img_05539_p39_2024,0,1.1548958e-06,0
img_05539_p40_2024,0,4.7634267e-06,0
img_05539_p41_2024,0,5.9909294e-06,0
img_05539_p42_2024,0,3.0789363e-07,0
img_05539_p43_2024,0,4.7549922e-05,0
img_06612_2024,0,0.0007135406,0
img_06614_2024,0,0.002374103,0
img_06608_2024,0,3.1031496e-07,0
img_06611_2024,0,0.0011507608,0
img_06618_2024,0,6.269591e-05,0
img_06619_2024,0,1.1693159e-05,0
img_06620_2024,0,0.002099915,0
img_06622_2024,0,9.573061e-05,0
img_06625_2024,0,3.0158935e-07,0
img_06621_2024,0,0.00050328544,0
img_06613_2024,0,0.00010275751,0
img_06606_2024,0,1.845269e-05,0
img_06628_2024,0,0.0002581196,0
img_06629_2024,0,0.002042515,0
img_06632_2024,0,2.1785621e-05,0
img_06630_2024,0,9.2060145e-05,0
img_06623_2024,0,0.00012653875,0
img_06615_2024,0,6.488184e-06,0
img_06627_2024,0,0.028777901,0
img_06616_2024,0,0.0032769765,0
img_06626_2024,0,6.5759305e-06,0
img_06635_2024,0,0.0019804235,0
img_06639_2024,0,1.0362108e-05,0
img_06637_2024,0,0.0018638871,0
img_06634_2024,0,0.9796681,1
img_06617_2024,0,0.00044817137,0
img_06636_2024,0,6.9381626e-06,0
img_06633_2024,0,3.1195275e-05,0
img_06631_2024,0,8.295874e-05,0
img_06638_2024,0,0.00011666754,0
img_06641_2024,0,0.0002450354,0
img_06642_2024,0,0.0035724149,0
img_06640_2024,0,0.00021571605,0
img_06645_2024,0,4.0788523e-06,0
img_06643_2024,0,4.376967e-05,0
img_06624_2024,0,0.00016437813,0
img_06644_2024,0,0.03666262,0
img_06646_2024,0,7.90593e-06,0
img_06648_2024,0,1.2250895e-05,0
img_06655_2024,0,0.0022412413,0
img_06650_2024,0,0.0055881944,0
img_06649_2024,0,3.297846e-05,0
img_06654_2024,0,1.8065908e-05,0
img_06652_2024,0,0.0008373345,0
img_06653_2024,0,0.0005635969,0
img_06662_2024,0,0.001154885,0
img_06661_2024,0,0.20444861,1
img_06657_2024,0,0.0019184311,0
img_06660_2024,0,0.00046612258,0
img_06658_2024,0,7.439509e-05,0
img_06659_2024,0,0.02789301,0
img_06664_2024,0,2.8846462e-06,0
img_06663_2024,0,2.0668747e-05,0
img_06656_2024,0,3.1378684e-05,0
img_06665_2024,0,0.0014117984,0
img_06666_2024,0,0.014305475,0
img_06667_2024,0,4.0867835e-05,0
img_06668_2024,0,9.887312e-07,0
img_06670_2024,0,6.7534984e-06,0
img_06673_2024,0,4.7251313e-05,0
img_06671_2024,0,3.8292128e-05,0
img_06674_2024,0,5.9691276e-05,0
img_06675_2024,0,0.001088484,0
img_06676_2024,0,0.00018081609,0
img_06602_p01_2024,0,0.00028716738,0
img_06602_p02_2024,0,6.4530326e-07,0
img_06602_p03_2024,0,1.2736983e-06,0
img_06602_p04_2024,0,5.133368e-07,0
img_06672_2024,0,0.01626313,0
img_06680_2024,0,0.00019671067,0
img_06679_2024,0,4.595664e-05,0
img_06682_2024,0,2.8536875e-05,0
img_06681_2024,0,1.5186623e-05,0
img_06678_2024,0,8.12595e-07,0
img_06683_2024,0,3.8319118e-05,0
img_06684_2024,0,0.0058220956,0
img_06688_2024,0,1.1919918e-05,0
img_06687_2024,0,8.481311e-06,0
img_06686_2024,0,0.00043251622,0
img_06677_2024,0,0.00013589553,0
img_06690_2024,0,3.5244153e-05,0
img_06691_2024,0,3.490775e-05,0
img_06685_2024,0,0.0005705827,0
img_06689_2024,0,0.00081512675,0
img_06695_2024,0,0.00011614307,0
img_06700_2024,0,0.0019136509,0
img_06697_2024,0,5.4033057e-06,0
img_06699_2024,0,7.4374584e-05,0
img_06693_2024,0,1.5816877e-06,0
img_06692_2024,0,0.00011384338,0
img_06694_2024,0,0.0007825024,0
img_06706_2024,0,0.7527442,1
img_06696_2024,0,4.1297985e-06,0
img_06703_2024,0,4.945339e-06,0
img_06705_2024,0,4.532171e-06,0
img_06701_2024,0,0.0009005141,0
img_06704_2024,0,0.0028627587,0
img_06707_2024,0,0.00024276716,0
img_06708_2024,0,0.0196245,0
img_06702_2024,0,0.004139769,0
img_06709_2024,0,4.918286e-07,0
img_06711_2024,0,0.0015375314,0
img_06713_2024,0,0.0016337718,0
img_06698_2024,0,1.9343659e-05,0
img_06712_2024,0,0.2009794,1
img_06710_2024,0,1.9511476e-06,0
img_06716_2024,0,1.378361e-05,0
img_06714_2024,0,1.6004244e-05,0
img_06718_2024,0,0.16324782,0
img_06717_2024,0,0.022308592,0
img_06715_2024,0,3.8319877e-06,0
img_06719_2024,0,0.0001890976,0
img_06720_2024,0,1.827227e-05,0
img_06721_2024,0,5.1200885e-05,0
img_06722_2024,0,8.793357e-06,0
img_06723_2024,0,1.5687725e-05,0
img_06647_p01_2024,0,5.347485e-06,0
img_06647_p02_2024,0,2.785242e-06,0
img_06647_p03_2024,0,1.3059465e-06,0
img_06647_p04_2024,0,2.1105636e-07,0
img_06725_2024,0,0.0007255469,0
img_06730_2024,0,0.08112911,0
img_06728_2024,0,0.00039911058,0
img_06734_2024,0,0.0017652443,0
img_06733_2024,0,0.0012622266,0
img_06736_2024,0,0.00018353431,0
img_06726_2024,0,0.000108996224,0
img_06731_2024,0,9.514859e-07,0
img_06729_2024,0,0.005152657,0
img_06732_2024,0,0.0028584483,0
img_06737_2024,0,4.546927e-05,0
img_06735_2024,0,0.00011919894,0
img_06739_2024,0,0.00013269794,0
img_06605_p01_2024,0,2.631553e-06,0
img_06605_p02_2024,0,3.960688e-06,0
img_06605_p03_2024,0,1.8233432e-06,0
img_06605_p04_2024,0,1.4575305e-06,0
img_06605_p05_2024,0,1.0184964e-06,0
img_06605_p06_2024,0,8.6142645e-05,0
img_06744_2024,0,0.017530365,0
img_06727_2024,0,0.000251877,0
img_06742_2024,0,0.02884452,0
img_06748_2024,0,0.0001700625,0
img_06738_2024,0,0.0018490518,0
img_06746_2024,0,0.130408,0
img_06750_2024,0,1.3433497e-05,0
img_06747_2024,0,0.019440826,0
img_06753_2024,0,0.0037193915,0
img_06749_2024,0,1.2226093e-05,0
img_06751_2024,0,1.21640005e-05,0
img_06745_2024,0,7.703679e-07,0
img_06740_2024,0,0.00043116248,0
img_06741_2024,0,7.830501e-05,0
img_06752_2024,0,0.00028184376,0
img_06755_2024,0,4.7022466e-05,0
img_06758_2024,0,0.0011699192,0
img_06759_2024,0,0.00020222718,0
img_06754_2024,0,1.2500623e-05,0
img_06766_2024,0,0.0016336808,0
img_06743_2024,0,3.943514e-05,0
img_06760_2024,0,0.00071732735,0
img_06765_2024,0,0.00011848377,0
img_06767_2024,0,1.7528984e-05,0
img_06761_2024,0,0.00021102386,0
img_06768_2024,0,0.020449102,0
img_06762_2024,0,4.8803136e-06,0
img_06764_2024,0,0.0001985271,0
img_06769_2024,0,1.6956355e-05,0
img_06763_2024,0,0.0006564479,0
img_06771_2024,0,1.0031998e-05,0
img_06757_2024,0,1.15235625e-05,0
img_06770_2024,0,0.00018397234,0
img_06756_2024,0,2.7987073e-05,0
img_06724_p01_2024,0,1.9882244e-05,0
img_06724_p02_2024,0,1.7756913e-05,0
img_06776_2024,0,0.0002479432,0
img_06773_2024,0,0.00014307597,0
img_06772_2024,0,0.00026217834,0
img_06774_2024,0,3.824762e-06,0
img_06777_2024,0,0.1157146,0
img_06780_2024,0,2.2560585e-05,0
img_06779_2024,0,0.00042947367,0
img_06775_2024,0,0.41156828,1
img_06782_2024,0,0.00032376288,0
img_06787_2024,0,7.728284e-05,0
img_06786_2024,0,5.899646e-06,0
img_06785_2024,0,4.011584e-05,0
img_06778_2024,0,2.3769097e-05,0
img_06783_2024,0,0.002650749,0
img_06791_2024,0,9.4750485e-06,0
img_06792_2024,0,3.536744e-06,0
img_06784_2024,0,3.552368e-05,0
img_06789_2024,0,1.6674478e-05,0
img_06788_2024,0,5.9588623e-05,0
img_06795_2024,0,0.0005307635,0
img_06781_2024,0,2.941019e-06,0
img_06797_2024,0,0.00016804757,0
img_06799_2024,0,1.7186147e-05,0
img_06793_2024,0,0.52074134,1
img_06801_2024,0,0.0001222866,0
img_06798_2024,0,1.4296925e-06,0
img_06802_2024,0,6.1127603e-06,0
img_06794_2024,0,0.00028872397,0
img_06805_2024,0,0.00023376332,0
img_06804_2024,0,0.00059312815,0
img_06803_2024,0,0.0012797524,0
img_06809_2024,0,9.135169e-06,0
img_06806_2024,0,7.63821e-05,0
img_06808_2024,0,7.997933e-05,0
img_06807_2024,0,4.267459e-06,0
img_06818_2024,0,2.7576474e-05,0
img_06814_2024,0,3.8677957e-05,0
img_06800_p01_2024,0,4.6268065e-05,0
img_06800_p02_2024,0,7.996658e-07,0
img_06819_2024,0,8.125903e-06,0
img_06813_2024,0,0.00049133133,0
img_06810_2024,0,0.00023108239,0
img_06790_p01_2024,0,0.0006261781,0
img_06790_p02_2024,0,8.519825e-06,0
img_06790_p03_2024,0,3.039024e-05,0
img_06815_2024,0,4.237298e-05,0
img_06820_2024,0,0.00010342224,0
img_06812_2024,0,2.0207967e-06,0
img_06816_2024,0,0.03801539,0
img_06822_2024,0,0.0006162907,0
img_06817_2024,0,2.8117836e-05,0
img_06825_2024,0,4.10004e-05,0
img_06826_2024,0,0.0013839686,0
img_06824_2024,0,0.0004462305,0
img_06823_2024,0,7.222375e-05,0
img_06651_p01_2024,0,0.00013346747,0
img_06651_p02_2024,0,2.001777e-06,0
img_06651_p04_2024,0,6.489292e-06,0
img_06651_p05_2024,0,5.2371146e-05,0
img_06651_p06_2024,0,3.8535438e-07,0
img_06651_p07_2024,0,1.2630617e-05,0
img_06651_p08_2024,0,9.190524e-05,0
img_06821_2024,0,8.271264e-06,0
img_06828_2024,0,4.29214e-06,0
img_06827_2024,0,0.000115692084,0
img_06830_2024,0,0.00021041006,0
img_06832_2024,0,4.0014675e-06,0
img_06831_2024,0,4.941567e-05,0
img_06829_2024,0,6.9729613e-06,0
img_06833_2024,0,4.465303e-06,0
img_06836_2024,0,1.17171485e-05,0
img_06838_2024,0,0.0016953811,0
img_06839_2024,0,6.926547e-06,0
img_06843_2024,0,0.00040039845,0
img_06841_2024,0,2.0235989e-06,0
img_06796_p01_2024,0,0.000118468415,0
img_06796_p02_2024,0,9.216708e-06,0
img_06845_2024,0,0.00047233797,0
img_06834_2024,0,0.0002124763,0
img_06849_2024,0,0.010562617,0
img_06844_2024,0,0.00022799459,0
img_06846_2024,0,0.00029507215,0
img_06842_2024,0,0.021041274,0
img_06847_2024,0,8.4987505e-06,0
img_06848_2024,0,0.000107871456,0
img_06851_2024,0,1.6648975e-05,0
img_06850_2024,0,0.00022742728,0
img_06853_2024,0,0.008721087,0
img_06837_2024,0,5.765253e-06,0
img_06852_2024,0,0.00075629196,0
img_06858_2024,0,0.0011870209,0
img_06840_p01_2024,0,5.9702208e-05,0
img_06840_p02_2024,0,2.5583391e-05,0
img_06859_2024,0,0.0004213919,0
img_06863_2024,0,0.009983419,0
img_06862_2024,0,0.006105303,0
img_06860_2024,0,0.00012584889,0
img_06856_2024,0,0.29946515,1
img_06854_2024,0,6.164437e-05,0
img_06864_2024,0,0.0010545563,0
img_06861_2024,0,0.0014145956,0
img_06865_2024,0,0.0008049998,0
img_06867_2024,0,5.7583467e-05,0
img_06868_2024,0,4.209074e-05,0
img_06866_2024,0,4.062273e-05,0
img_06869_2024,0,0.0005950372,0
img_06870_2024,0,0.0009858101,0
img_06877_2024,0,4.1968975e-05,0
img_06875_2024,0,6.669101e-05,0
img_06872_2024,0,0.005557504,0
img_06876_2024,0,0.09240416,0
img_06873_2024,0,1.5723386e-05,0
img_06878_2024,0,0.00013873755,0
img_06874_2024,0,0.008282193,0
img_06879_2024,0,5.283205e-06,0
img_06882_2024,0,7.416281e-07,0
img_06881_2024,0,6.151986e-07,0
img_06880_2024,0,8.702925e-05,0
img_06884_2024,0,2.5428121e-06,0
img_06871_2024,0,3.5151327e-06,0
img_06883_2024,0,0.00013532424,0
img_06887_2024,0,0.00058456353,0
img_06886_2024,0,3.781428e-05,0
img_06885_2024,0,8.191571e-06,0
img_06889_2024,0,0.00019780833,0
img_06893_2024,0,3.3963224e-05,0
img_06891_2024,0,0.022431437,0
img_06896_2024,0,0.0010316436,0
img_06895_2024,0,3.0912786e-05,0
img_06897_2024,0,2.0375571e-06,0
img_06669_p01_2024,0,3.7800692e-07,0
img_06669_p02_2024,0,8.991825e-05,0
img_06669_p03_2024,0,2.6243174e-07,0
img_06669_p04_2024,0,8.5139897e-07,0
img_06669_p05_2024,0,3.6112306e-05,0
img_06669_p06_2024,0,0.00017520497,0
img_06669_p07_2024,0,2.3930904e-06,0
img_06669_p08_2024,0,3.1437871e-06,0
img_06669_p09_2024,0,2.9190028e-06,0
img_06894_2024,0,7.869177e-06,0
img_06888_2024,0,0.40341142,1
img_06890_2024,0,4.0649734e-06,0
img_06898_2024,0,3.8314043e-05,0
img_06902_2024,0,0.0001732396,0
img_06900_2024,0,7.009039e-05,0
img_06899_2024,0,0.0025917015,0
img_06901_2024,0,2.9324596e-05,0
img_06855_p01_2024,0,0.0009532361,0
img_06855_p02_2024,0,0.01754443,0
img_06855_p03_2024,0,5.2209987e-07,0
img_06855_p04_2024,0,7.7515887e-07,0
img_06906_2024,0,0.000117477,0
img_06905_2024,0,9.4970936e-05,0
img_06910_2024,0,0.0029236262,0
img_06911_2024,0,0.00070346176,0
img_06904_2024,0,0.00015956693,0
img_06909_2024,0,4.788454e-06,0
img_06907_2024,0,0.0012265128,0
img_06903_2024,0,8.81185e-06,0
img_06915_2024,0,3.6218482e-06,0
img_06914_2024,0,0.00023525984,0
img_06908_2024,0,6.5314366e-06,0
img_06835_p01_2024,0,1.4065976e-05,0
img_06835_p02_2024,0,1.9541383e-05,0
img_06835_p03_2024,0,1.4135216e-05,0
img_06835_p04_2024,0,1.8634039e-06,0
img_06917_2024,0,1.5689913e-06,0
img_06912_2024,0,0.00095114857,0
img_06913_2024,0,4.8119116e-05,0
img_06916_2024,0,2.3438233e-05,0
img_06919_2024,0,6.3010404e-05,0
img_06892_p01_2024,0,1.2239154e-07,0
img_06892_p02_2024,0,5.8511904e-07,0
img_06918_2024,0,0.006411687,0
img_06924_2024,0,0.00452555,0
img_06922_2024,0,2.2517726e-05,0
img_06929_2024,0,0.9505149,1
img_06928_2024,0,0.0005271856,0
img_06925_2024,0,7.4495256e-05,0
img_06933_2024,0,2.2243646e-06,0
img_06923_2024,0,4.6652945e-05,0
img_06927_2024,0,0.048218712,0
img_06930_2024,0,0.006307039,0
img_06932_2024,0,0.00047083426,0
img_06934_2024,0,0.00066934346,0
img_06931_2024,0,2.374762e-05,0
img_06921_2024,0,0.0017586052,0
img_06936_2024,0,2.4995202e-06,0
img_06935_2024,0,0.00011551416,0
img_06926_2024,0,3.8749695e-06,0
img_06938_2024,0,0.00054200954,0
img_06937_2024,0,0.004166573,0
img_06940_2024,0,3.286327e-05,0
img_06941_2024,0,0.00011832762,0
img_06943_2024,0,2.4681085e-06,0
img_06939_2024,0,4.611424e-06,0
img_06942_2024,0,8.218496e-05,0
img_06944_2024,0,0.0016003014,0
img_06946_2024,0,0.00027766064,0
img_06949_2024,0,1.3642282e-05,0
img_06945_2024,0,0.00024279726,0
img_06947_2024,0,7.876535e-06,0
img_06951_2024,0,0.00013806266,0
img_06952_2024,0,9.347783e-05,0
img_06948_2024,0,2.4647452e-06,0
img_06953_2024,0,8.333425e-06,0
img_06955_2024,0,8.949549e-06,0
img_06954_2024,0,0.0015969337,0
img_06956_2024,0,4.238094e-05,0
img_06957_2024,0,0.007238758,0
img_06950_2024,0,4.4846993e-06,0
img_06959_2024,0,1.8452372e-06,0
img_06958_2024,0,6.024176e-06,0
img_06960_2024,0,2.0140878e-06,0
img_06963_2024,0,0.008818195,0
img_06964_2024,0,0.0003287804,0
img_06962_2024,0,1.3206617e-05,0
img_06961_2024,0,8.289182e-06,0
img_06966_2024,0,0.0016614919,0
img_06811_p01_2024,0,2.2035044e-06,0
img_06811_p02_2024,0,6.344567e-05,0
img_06811_p03_2024,0,9.046557e-06,0
img_06811_p04_2024,0,6.829431e-06,0
img_06811_p05_2024,0,4.516663e-06,0
img_06811_p06_2024,0,0.0015007299,0
img_06811_p07_2024,0,1.5994273e-06,0
img_06811_p08_2024,0,3.2731793e-06,0
img_06965_2024,0,2.8400107e-06,0
img_06967_2024,0,0.0013836325,0
img_06971_2024,0,0.0018078836,0
img_06972_2024,0,0.0016479666,0
img_06970_2024,0,4.183136e-06,0
img_06974_2024,0,0.0003721831,0
img_06969_2024,0,2.722674e-06,0
img_06968_2024,0,0.00014319568,0
img_06975_2024,0,3.5117619e-06,0
img_06976_2024,0,8.068597e-06,0
img_06977_2024,0,3.9451952e-05,0
img_06979_2024,0,0.0006583146,0
img_06981_2024,0,5.08679e-05,0
img_06980_2024,0,3.630422e-05,0
img_06984_2024,0,0.00010706251,0
img_06978_2024,0,1.261184e-05,0
img_06985_2024,0,0.0019299339,0
img_06986_2024,0,4.5282897e-05,0
img_06989_2024,0,4.567394e-06,0
img_06983_2024,0,0.000627453,0
img_06988_2024,0,3.351429e-07,0
img_06982_2024,0,5.8959562e-05,0
img_06987_2024,0,6.83701e-06,0
img_06990_2024,0,4.1906744e-05,0
img_06992_2024,0,1.4427425e-05,0
img_06994_2024,0,3.0940146e-06,0
img_06996_2024,0,0.0020687615,0
img_06999_2024,0,6.132301e-05,0
img_06997_2024,0,0.00015948403,0
img_07001_2024,0,0.0071578766,0
img_07000_2024,0,7.834575e-06,0
img_07006_2024,0,0.0011866208,0
img_07004_2024,0,0.00018294535,0
img_06995_2024,0,0.00029715846,0
img_06991_2024,0,0.0007926143,0
img_06993_2024,0,3.721342e-05,0
img_07005_2024,0,4.66955e-05,0
img_06998_2024,0,4.7590493e-06,0
img_07003_2024,0,0.001013306,0
img_07002_2024,0,0.0017569738,0
img_07011_2024,0,9.2003313e-07,0
img_07015_2024,0,5.8566725e-06,0
img_07016_2024,0,0.00037262612,0
img_07013_2024,0,0.0056314263,0
img_07007_2024,0,4.6946567e-05,0
img_07009_2024,0,5.1018287e-06,0
img_07018_2024,0,9.230598e-06,0
img_07020_2024,0,3.152904e-07,0
img_07010_2024,0,1.0604589e-05,0
img_07012_2024,0,1.4428252e-06,0
img_07021_2024,0,1.8456967e-05,0
img_07014_2024,0,1.5316142e-06,0
img_07008_2024,0,2.2398988e-05,0
img_07023_2024,0,0.0025621452,0
img_07017_2024,0,0.008520825,0
img_07026_2024,0,4.431695e-06,0
img_07025_2024,0,1.6104536e-06,0
img_07022_2024,0,1.8297151e-06,0
img_07027_2024,0,0.0001349889,0
img_07033_2024,0,2.004698e-06,0
img_07029_2024,0,1.23942145e-05,0
img_07032_2024,0,1.48362315e-05,0
img_07030_2024,0,9.713736e-05,0
img_07024_2024,0,0.00038625742,0
img_07031_2024,0,3.228333e-06,0
img_07037_2024,0,8.422254e-05,0
img_07028_2024,0,1.0040689e-05,0
img_07035_2024,0,4.4991877e-05,0
img_07034_2024,0,6.992459e-06,0
img_07039_2024,0,0.020122366,0
img_07036_2024,0,0.0005899882,0
img_07038_2024,0,0.0007886525,0
img_07042_2024,0,0.0003945617,0
img_07043_2024,0,0.1042377,0
img_07045_2024,0,2.6901409e-05,0
img_07044_2024,0,0.0001835534,0
img_07048_2024,0,9.956642e-07,0
img_07051_2024,0,2.159789e-06,0
img_07049_2024,0,0.0024330067,0
img_07050_2024,0,0.007899197,0
img_07046_2024,0,2.6612604e-06,0
img_07047_2024,0,3.4979992e-05,0
img_07054_2024,0,0.0050195376,0
img_07040_2024,0,0.0003991305,0
img_07052_2024,0,2.902094e-05,0
img_07055_2024,0,7.150242e-06,0
img_07057_2024,0,0.00010523541,0
img_07060_2024,0,0.008816233,0
img_07058_2024,0,7.059658e-06,0
img_07053_2024,0,0.0007380754,0
img_07041_2024,0,2.649926e-05,0
img_07064_2024,0,0.00062295445,0
img_07065_2024,0,1.7947865e-05,0
img_07059_2024,0,0.0001362903,0
img_07061_2024,0,1.0637386e-05,0
img_07056_2024,0,5.6512054e-05,0
img_07062_2024,0,2.3476778e-05,0
img_07069_2024,0,6.950786e-07,0
img_07072_2024,0,0.00022923794,0
img_07073_2024,0,7.051644e-06,0
img_07068_2024,0,6.467446e-06,0
img_07070_2024,0,5.1571496e-05,0
img_07071_2024,0,8.4266674e-07,0
img_07067_2024,0,0.00014387659,0
img_07076_2024,0,0.00013593196,0
img_07078_2024,0,8.609567e-05,0
img_07079_2024,0,0.00010495761,0
img_07077_2024,0,8.231304e-05,0
img_07085_2024,0,4.6627036e-07,0
img_07075_2024,0,7.0264373e-06,0
img_07074_2024,0,0.019185076,0
img_07081_2024,0,0.00015004644,0
img_07083_2024,0,0.00011112498,0
img_06857_p01_2024,0,1.1104555e-06,0
img_06857_p02_2024,0,1.7795654e-06,0
img_06857_p03_2024,0,3.833848e-06,0
img_06857_p04_2024,0,1.9307776e-05,0
img_06857_p05_2024,0,1.0556915e-06,0
img_06857_p07_2024,0,2.8949423e-06,0
img_06857_p08_2024,0,9.10545e-07,0
img_06857_p09_2024,0,1.9830798e-06,0
img_06857_p10_2024,0,1.0018842e-05,0
img_06857_p11_2024,0,1.8165314e-05,0
img_07088_2024,0,0.0026933493,0
img_07089_2024,0,0.0017535532,0
img_07080_2024,0,2.754571e-06,0
img_07086_2024,0,1.4898247e-05,0
img_07063_2024,0,2.2168122e-05,0
img_07084_2024,0,0.0021639492,0
img_07090_2024,0,1.8575294e-05,0
img_07087_2024,0,3.103258e-06,0
img_06973_p01_2024,0,0.00019428744,0
img_06973_p02_2024,0,9.324212e-06,0
img_06973_p03_2024,0,1.8406043e-06,0
img_06973_p04_2024,0,2.776118e-05,0
img_06973_p05_2024,0,0.00028500336,0
img_07093_2024,0,2.2164633e-05,0
img_07095_2024,0,5.8813224e-05,0
img_07097_2024,0,2.7882584e-06,0
img_07092_2024,0,0.00029149372,0
img_07101_2024,0,0.0010478451,0
img_07082_2024,0,8.6036846e-07,0
img_07102_2024,0,0.013660729,0
img_07096_2024,0,0.00015436545,0
img_07019_p01_2024,0,2.2635288e-07,0
img_07019_p02_2024,0,2.6513883e-06,0
img_07019_p03_2024,0,3.167586e-06,0
img_07019_p04_2024,0,1.7066559e-05,0
img_07091_2024,0,2.6386715e-05,0
img_07100_2024,0,2.0169864e-06,0
img_07066_p01_2024,0,2.7608012e-06,0
img_07066_p02_2024,0,0.00023732826,0
img_07105_2024,0,2.3028262e-05,0
img_07108_2024,0,5.149714e-05,0
img_07103_2024,0,0.0007478872,0
img_07104_2024,0,5.994421e-06,0
img_07099_2024,0,9.904008e-06,0
img_07098_2024,0,6.006168e-05,0
img_07107_2024,0,1.6322895e-06,0
img_07094_2024,0,9.63593e-06,0
img_07106_2024,0,1.474687e-05,0
img_07112_2024,0,0.013773435,0
img_07113_2024,0,0.027776146,0
img_07109_2024,0,4.4258577e-06,0
img_07111_2024,0,0.00066123065,0
img_07114_2024,0,0.00029116374,0
img_07115_2024,0,0.00096184824,0
img_07118_2024,0,0.019987995,0
img_07120_2024,0,0.00017048317,0
img_07110_2024,0,0.06074506,0
img_07121_2024,0,0.04127934,0
img_07116_2024,0,5.9253278e-05,0
img_07119_2024,0,0.0023450984,0
img_07124_2024,0,7.3815972e-06,0
img_07117_2024,0,8.1537024e-07,0
img_07126_2024,0,0.008983022,0
img_07127_2024,0,2.0519818e-05,0
img_07132_2024,0,9.444803e-05,0
img_07125_2024,0,0.002470681,0
img_07129_2024,0,7.65983e-05,0
img_07128_2024,0,2.2496106e-06,0
img_07134_2024,0,6.631392e-07,0
img_07130_2024,0,0.00018762202,0
img_07122_2024,0,1.50998885e-05,0
img_07139_2024,0,0.00019823315,0
img_07131_2024,0,0.00012757682,0
img_07135_2024,0,8.838666e-05,0
img_07136_2024,0,1.2079221e-05,0
img_07137_2024,0,0.000112951835,0
img_07141_2024,0,0.0002301663,0
img_07140_2024,0,0.0015961675,0
img_07142_2024,0,0.0015266932,0
img_07143_2024,0,0.00058191223,0
img_07144_2024,0,3.9046445e-05,0
img_07147_2024,0,1.04778355e-05,0
img_07138_2024,0,0.00059811014,0
img_07148_2024,0,9.504515e-06,0
img_07146_2024,0,1.7943577e-06,0
img_07150_2024,0,0.00013230754,0
img_07145_2024,0,6.594058e-07,0
img_07151_2024,0,4.464941e-06,0
img_07149_2024,0,6.318839e-05,0
img_07152_2024,0,0.00041834937,0
img_07153_2024,0,5.967288e-06,0
img_07156_2024,0,8.571933e-05,0
img_07160_2024,0,0.0004784646,0
img_07155_2024,0,7.5190326e-07,0
img_07157_2024,0,0.00018956607,0
img_07159_2024,0,1.5927998e-06,0
img_07154_2024,0,1.2224928e-05,0
img_07158_2024,0,9.570581e-07,0
img_07161_2024,0,0.0018388429,0
img_07162_2024,0,8.3183e-05,0
img_07163_2024,0,2.2496713e-05,0
img_07167_2024,0,3.0341766e-05,0
img_07166_2024,0,9.165844e-07,0
img_07165_2024,0,1.0291919e-06,0
img_07168_2024,0,1.34541e-05,0
img_07169_2024,0,7.1607374e-06,0
img_07164_2024,0,0.000115339266,0
img_07173_2024,0,0.120165534,0
img_07170_2024,0,1.069113e-06,0
img_07171_2024,0,0.00011757675,0
img_07175_2024,0,4.6327135e-05,0
img_07172_2024,0,2.469469e-07,0
img_07180_2024,0,0.00060734036,0
img_07178_2024,0,0.00014144857,0
img_07176_2024,0,4.7898657e-06,0
img_07179_2024,0,1.2179381e-05,0
img_07174_2024,0,1.3131003e-05,0
img_07183_2024,0,1.2818255e-05,0
img_07182_2024,0,5.4752512e-05,0
img_07177_2024,0,1.1737312e-05,0
img_07185_2024,0,0.0012990544,0
img_07187_2024,0,3.6954865e-05,0
img_07181_2024,0,1.939706e-06,0
img_07190_2024,0,0.00046138966,0
img_07184_2024,0,6.7142864e-06,0
img_07189_2024,0,2.414729e-07,0
img_07188_2024,0,9.4251714e-05,0
img_07193_2024,0,4.1745363e-05,0
img_07123_p01_2024,0,1.0535448e-05,0
img_07123_p02_2024,0,2.5688556e-07,0
img_07123_p03_2024,0,3.990427e-05,0
img_07123_p04_2024,0,2.3860623e-06,0
img_07186_2024,0,0.0012934351,0
img_07196_2024,0,0.00047021196,0
img_07195_2024,0,1.3351425e-06,0
img_07199_2024,0,0.013242216,0
img_07198_2024,0,1.8733001e-06,0
img_07202_2024,0,6.125786e-06,0
img_07197_2024,0,7.0144335e-07,0
img_07204_2024,0,0.0031795476,0
img_07200_2024,0,9.274903e-06,0
img_07201_2024,0,6.931517e-05,0
img_07192_2024,0,0.0010228276,0
img_07194_2024,0,0.014438492,0
img_07206_2024,0,3.500065e-05,0
img_07203_2024,0,2.2614606e-06,0
img_07205_2024,0,7.550316e-05,0
img_07133_p01_2024,0,5.7230875e-07,0
img_07133_p02_2024,0,0.00044274022,0
img_07133_p03_2024,0,0.0002409581,0
img_07133_p04_2024,0,1.350484e-06,0
img_07212_2024,0,2.4859082e-05,0
img_07207_2024,0,0.00015524683,0
img_07210_2024,0,0.008052868,0
img_07209_2024,0,3.2194816e-06,0
img_07208_2024,0,5.3802836e-05,0
img_07214_2024,0,0.00068238744,0
img_07221_2024,0,0.00010787475,0
img_07218_2024,0,4.051402e-05,0
img_07220_2024,0,1.8111448e-05,0
img_07224_2024,0,6.5631284e-05,0
img_07216_2024,0,2.366131e-05,0
img_07219_2024,0,1.7190458e-05,0
img_07215_2024,0,0.99693227,1
img_07229_2024,0,3.8699247e-05,0
img_07222_2024,0,9.016953e-06,0
img_07231_2024,0,6.155919e-05,0
img_07211_2024,0,2.6597127e-07,0
img_07225_2024,0,0.0001942252,0
img_07191_p01_2024,0,4.0496556e-07,0
img_07191_p02_2024,0,8.111741e-05,0
img_07228_2024,0,0.037609845,0
img_07217_2024,0,0.0004024603,0
img_07232_2024,0,5.858449e-06,0
img_07227_2024,0,0.00012774079,0
img_07226_2024,0,0.014739093,0
img_07230_2024,0,0.001371733,0
img_07233_2024,0,2.8946364e-05,0
img_07236_2024,0,0.00010237539,0
img_07234_2024,0,1.130566e-06,0
img_07223_2024,0,1.5339692e-05,0
img_07239_2024,0,1.2131978e-06,0
img_07235_2024,0,0.0009225137,0
img_07241_2024,0,4.718611e-05,0
img_07243_2024,0,0.00010315513,0
img_07238_2024,0,0.00019257901,0
img_07237_2024,0,2.4781164e-05,0
img_07245_2024,0,1.9884505e-06,0
img_07242_2024,0,0.0010542002,0
img_07249_2024,0,0.0009689268,0
img_07248_2024,0,1.9058639e-06,0
img_07240_2024,0,5.133719e-06,0
img_07247_2024,0,5.6590463e-05,0
img_07255_2024,0,5.6859473e-05,0
img_07256_2024,0,9.007882e-05,0
img_07250_2024,0,0.0004167868,0
img_07259_2024,0,0.0003472107,0
img_07251_2024,0,0.19347604,0
img_07253_2024,0,0.00022683802,0
img_07246_2024,0,1.2209746e-06,0
img_07258_2024,0,7.868099e-05,0
img_07244_2024,0,3.4737398e-06,0
img_07213_p01_2024,0,0.0001353609,0
img_07213_p02_2024,0,1.9279478e-05,0
img_07261_2024,0,0.012354968,0
img_07252_2024,0,0.0036082407,0
img_07260_2024,0,0.00042005512,0
img_07264_2024,0,0.00011050006,0
img_07257_2024,0,0.0001293139,0
img_07254_2024,0,2.1100593e-06,0
img_07265_2024,0,0.00010785541,0
img_07266_2024,0,5.3004746e-06,0
img_07270_2024,0,0.0021358095,0
img_07268_2024,0,1.2343187e-05,0
img_07267_2024,0,9.28454e-05,0
img_07272_2024,0,0.00018971507,0
img_07269_2024,0,1.4073812e-05,0
img_07281_2024,0,1.53886e-05,0
img_07279_2024,0,0.0001211569,0
img_07280_2024,0,2.2231337e-05,0
img_07273_2024,0,7.2994417e-06,0
img_07275_2024,0,0.0006008991,0
img_07262_p01_2024,0,9.962917e-05,0
img_07262_p02_2024,0,4.1224426e-05,0
img_07274_2024,0,6.207553e-05,0
img_07277_2024,0,6.7626047e-06,0
img_07276_2024,0,2.6421994e-05,0
img_07278_2024,0,6.430637e-06,0
img_07282_2024,0,1.453017e-05,0
img_07284_2024,0,2.2438198e-05,0
img_07283_2024,0,0.00024509896,0
img_07288_2024,0,2.437738e-06,0
img_07271_2024,0,9.276805e-06,0
img_07289_2024,0,2.534362e-05,0
img_07290_2024,0,5.1027648e-05,0
img_07285_2024,0,8.151008e-05,0
img_07286_2024,0,2.5897125e-05,0
img_07263_p01_2024,0,2.536481e-06,0
img_07263_p02_2024,0,3.6523718e-06,0
img_07293_2024,0,8.0645435e-07,0
img_07292_2024,0,0.0022672596,0
img_07297_2024,0,0.33429796,1
img_07291_2024,0,0.000121742436,0
img_07294_2024,0,4.70479e-05,0
img_07295_2024,0,0.9905849,1
img_07287_2024,0,7.788455e-05,0
img_07298_2024,0,0.0008581942,0
img_07303_2024,0,0.00026657063,0
img_07304_2024,0,1.7849707e-07,0
img_07300_2024,0,0.0031139161,0
img_07301_2024,0,6.295658e-06,0
img_07299_2024,0,4.3849377e-06,0
img_07311_2024,0,2.0455632e-06,0
img_07312_2024,0,0.0008292019,0
img_07310_2024,0,4.2300064e-05,0
img_07296_2024,0,2.7968126e-06,0
img_07302_2024,0,5.6112898e-05,0
img_07313_2024,0,4.3646155e-06,0
img_07307_2024,0,7.477261e-05,0
img_07315_2024,0,2.2388601e-06,0
img_07306_2024,0,0.00031133508,0
img_07316_2024,0,3.9792245e-05,0
img_07308_2024,0,0.0005011138,0
img_07317_2024,0,0.0012091273,0
img_07314_2024,0,0.00020985409,0
img_07323_2024,0,1.0189239e-06,0
img_07309_2024,0,4.62783e-07,0
img_07322_2024,0,6.9513753e-06,0
img_07325_2024,0,3.0529827e-06,0
img_07329_2024,0,0.0013223245,0
img_07326_2024,0,6.9341484e-05,0
img_07330_2024,0,1.6613543e-05,0
img_07331_2024,0,0.038002107,0
img_07327_2024,0,0.0008027886,0
img_07324_2024,0,0.00058508525,0
img_07305_2024,0,0.0012505376,0
img_07319_2024,0,0.05092555,0
img_07318_2024,0,0.00017368187,0
img_07333_2024,0,0.00033689226,0
img_07320_2024,0,3.1027586e-05,0
img_07321_2024,0,0.0020366984,0
img_07332_2024,0,7.5107005e-06,0
img_07337_2024,0,0.08623952,0
img_07334_2024,0,3.5604164e-05,0
img_07328_2024,0,5.3909713e-05,0
img_07336_2024,0,0.000313395,0
img_07339_2024,0,4.0683168e-05,0
img_07340_2024,0,0.0003822081,0
img_07347_2024,0,8.4560315e-06,0
img_07342_2024,0,0.00041493902,0
img_07345_2024,0,1.13784296e-07,0
img_07338_2024,0,1.791984e-06,0
img_07343_2024,0,3.2051628e-06,0
img_07350_2024,0,5.4686193e-06,0
img_07349_2024,0,0.0012554043,0
img_07346_2024,0,0.0008631331,0
img_07351_2024,0,0.00020230103,0
img_07344_2024,0,7.2608145e-07,0
img_07348_2024,0,0.0066161663,0
img_07352_2024,0,6.481334e-05,0
img_07341_2024,0,0.00015598771,0
img_07356_2024,0,0.00019611382,0
img_07354_2024,0,1.363232e-05,0
img_07353_2024,0,6.7930296e-06,0
img_07359_2024,0,0.00016719777,0
img_07358_2024,0,3.8305236e-05,0
img_07361_2024,0,3.1722375e-05,0
img_07365_2024,0,0.008127372,0
img_07367_2024,0,0.00012393785,0
img_07369_2024,0,0.0016950243,0
img_07363_2024,0,0.00061905256,0
img_07368_2024,0,0.00010168897,0
img_07364_2024,0,1.0146514e-05,0
img_07360_2024,0,1.0200555e-05,0
img_07370_2024,0,0.0015989504,0
img_07371_2024,0,2.5371188e-05,0
img_07372_2024,0,9.993497e-06,0
img_07375_2024,0,0.00015804709,0
img_07377_2024,0,6.135173e-05,0
img_07376_2024,0,0.00017735,0
img_07381_2024,0,0.0045963586,0
img_07378_2024,0,1.1158197e-05,0
img_07384_2024,0,0.0001783376,0
img_07383_2024,0,0.0009934504,0
img_07385_2024,0,0.00030938283,0
img_07357_p01_2024,0,4.6341993e-06,0
img_07357_p02_2024,0,4.2480624e-06,0
img_07389_2024,0,0.00055329525,0
img_07388_2024,0,7.81908e-06,0
img_07387_2024,0,0.0066847787,0
img_07386_2024,0,0.00052553875,0
img_07380_2024,0,0.00037467486,0
img_07393_2024,0,0.00019055772,0
img_07394_2024,0,0.00033112516,0
img_07379_p01_2024,0,0.00032311134,0
img_07379_p02_2024,0,0.00013633267,0
img_07391_2024,0,0.00014753245,0
img_07382_2024,0,0.00022838579,0
img_07395_2024,0,2.5406086e-06,0
img_07366_p01_2024,0,2.3667673e-05,0
img_07366_p02_2024,0,2.0317097e-05,0
img_07392_2024,0,0.0024933538,0
img_07373_p01_2024,0,0.0004002025,0
img_07373_p02_2024,0,5.1108735e-05,0
img_07362_p01_2024,0,3.8985203e-05,0
img_07362_p02_2024,0,9.652535e-05,0
img_07396_2024,0,1.0012089e-05,0
img_07400_2024,0,8.072908e-06,0
img_07401_2024,0,0.01299501,0
img_07399_2024,0,1.6881851e-06,0
img_07403_2024,0,0.00021974416,0
img_07402_2024,0,2.3242093e-05,0
img_07406_2024,0,2.1397984e-05,0
img_07405_2024,0,1.9511757e-05,0
img_07408_2024,0,0.000233425,0
img_07390_p01_2024,0,6.708258e-05,0
img_07390_p02_2024,0,0.000111750654,0
img_07409_2024,0,1.696475e-05,0
img_07407_2024,0,0.00014093603,0
img_07412_2024,0,0.00121917,0
img_07355_p01_2024,0,0.00016469113,0
img_07355_p02_2024,0,2.5600597e-05,0
img_07355_p03_2024,0,1.1909429e-05,0
img_07355_p04_2024,0,0.00011489645,0
img_07410_2024,0,0.97215086,1
img_07411_2024,0,0.0010115977,0
img_07418_2024,0,0.00023327372,0
img_07417_2024,0,0.00018092612,0
img_07419_2024,0,1.6299067e-05,0
img_07420_2024,0,1.3854055e-06,0
img_07422_2024,0,0.048361663,0
img_07423_2024,0,0.00011146841,0
img_07421_2024,0,6.197468e-06,0
img_07424_2024,0,2.6629217e-05,0
img_07426_2024,0,0.000121656456,0
img_07425_2024,0,0.0006036467,0
img_07428_2024,0,5.6318964e-05,0
img_07431_2024,0,0.009662548,0
img_07430_2024,0,0.0010149276,0
img_07429_2024,0,0.0010239541,0
img_07434_2024,0,4.9111855e-05,0
img_07435_2024,0,2.7397336e-05,0
img_07436_2024,0,0.00015702951,0
img_07439_2024,0,0.00037221165,0
img_07413_p01_2024,0,0.00013650724,0
img_07413_p02_2024,0,3.0735428e-06,0
img_07440_2024,0,0.0025039192,0
img_07438_2024,0,1.4573661e-05,0
img_07441_2024,0,0.0022299956,0
img_07437_2024,0,0.00033431363,0
img_07442_2024,0,2.0702814e-06,0
img_07427_p01_2024,0,1.3161352e-06,0
img_07427_p02_2024,0,4.9012046e-06,0
img_07397_p01_2024,0,0.0003376617,0
img_07397_p02_2024,0,1.5074937e-05,0
img_07397_p03_2024,0,1.5371557e-05,0
img_07397_p04_2024,0,3.914801e-05,0
img_07444_2024,0,2.9191672e-06,0
img_07404_p01_2024,0,8.4460844e-05,0
img_07404_p03_2024,0,0.0029864444,0
img_07404_p04_2024,0,8.665213e-05,0
img_07448_2024,0,0.0046669873,0
img_07450_2024,0,0.0076553663,0
img_07433_p01_2024,0,0.00013364488,0
img_07433_p02_2024,0,3.3103108e-05,0
img_07447_2024,0,0.010754306,0
img_07446_2024,0,0.9918662,1
img_07445_2024,0,3.0448464e-05,0
img_07451_2024,0,0.0006088623,0
img_07452_2024,0,8.664728e-06,0
img_07398_p01_2024,0,0.022106692,0
img_07398_p02_2024,0,0.01997891,0
img_07398_p03_2024,0,0.002126716,0
img_07398_p04_2024,0,4.5726415e-06,0
img_07454_2024,0,0.0005709159,0
img_07456_2024,0,0.000115770876,0
img_07455_2024,0,0.0020658122,0
img_07416_p01_2024,0,3.4987435e-05,0
img_07416_p02_2024,0,2.633739e-05,0
img_07416_p03_2024,0,0.014064342,0
img_07416_p04_2024,0,0.0055555752,0
img_07457_2024,0,0.0001818209,0
img_07459_2024,0,0.0015897071,0
img_07463_2024,0,2.6392486e-06,0
img_07458_2024,0,0.00064878614,0
img_07415_p01_2024,0,1.4615012e-05,0
img_07415_p02_2024,0,1.738755e-05,0
img_07415_p03_2024,0,0.00043615184,0
img_07415_p04_2024,0,0.0012972888,0
img_07464_2024,0,0.00018695966,0
img_07461_2024,0,0.00022849535,0
img_07443_p01_2024,0,2.9005357e-06,0
img_07443_p02_2024,0,0.012559122,0
img_07467_2024,0,0.002495911,0
img_07468_2024,0,0.00014490701,0
img_07466_2024,0,7.688333e-06,0
img_07465_2024,0,0.002038951,0
img_07462_2024,0,0.017069606,0
img_07470_2024,0,4.905853e-06,0
img_07453_p01_2024,0,8.874645e-07,0
img_07453_p02_2024,0,0.0008106082,0
img_07449_p01_2024,0,0.0001702715,0
img_07449_p02_2024,0,0.00077643653,0
img_07476_2024,0,4.8269078e-05,0
img_07460_2024,0,1.6447857e-05,0
img_07473_2024,0,1.8264502e-05,0
img_07479_2024,0,0.005355612,0
img_07472_2024,0,0.00014537312,0
img_07475_2024,0,0.0007946725,0
img_07471_2024,0,0.00040962626,0
img_07481_2024,0,8.174831e-06,0
img_07474_2024,0,0.00025278013,0
img_07477_2024,0,0.00028479585,0
img_07483_2024,0,0.0017065785,0
img_07487_2024,0,0.0041051526,0
img_07484_2024,0,0.00025976976,0
img_07486_2024,0,3.9247665e-05,0
img_07485_2024,0,2.510203e-06,0
img_07489_2024,0,0.005991682,0
img_07469_p01_2024,0,0.06578532,0
img_07469_p02_2024,0,0.00039617997,0
img_07480_2024,0,0.0017416999,0
img_07490_2024,0,0.0021176825,0
img_07493_2024,0,3.8662874e-05,0
img_07491_2024,0,1.4675851e-05,0
img_07497_2024,0,0.050311625,0
img_07492_2024,0,1.8572247e-05,0
img_07495_2024,0,0.000103286824,0
img_07499_2024,0,0.053076513,0
img_07502_2024,0,7.308487e-05,0
img_07500_2024,0,1.1557846e-05,0
img_07503_2024,0,6.117506e-05,0
img_07498_2024,0,2.3703973e-05,0
img_07496_2024,0,0.0009778896,0
img_07504_2024,0,0.0012021197,0
img_07505_2024,0,0.0013200904,0
img_07501_2024,0,7.230128e-05,0
img_07506_2024,0,9.515587e-05,0
img_07482_p01_2024,0,0.00022510083,0
img_07482_p02_2024,0,0.00018296244,0
img_07507_2024,0,3.4500845e-05,0
img_07508_2024,0,0.01036507,0
img_07512_2024,0,0.00051228184,0
img_07513_2024,0,0.014923563,0
img_07511_2024,0,2.546762e-05,0
img_07514_2024,0,0.0007929754,0
img_07516_2024,0,8.825207e-05,0
img_07510_2024,0,6.575062e-05,0
img_07519_2024,0,0.00054148026,0
img_07494_p01_2024,0,4.7049245e-05,0
img_07494_p02_2024,0,2.207425e-06,0
img_07518_2024,0,0.00014637,0
img_07521_2024,0,9.504851e-06,0
img_07523_2024,0,1.7000219e-05,0
img_07526_2024,0,0.002239943,0
img_07520_2024,0,0.0017597132,0
img_07527_2024,0,1.0103324e-06,0
img_07524_2024,0,2.4006242e-05,0
img_07432_p01_2024,0,3.0796164e-06,0
img_07432_p02_2024,0,0.000116448144,0
img_07432_p03_2024,0,2.9024397e-05,0
img_07432_p04_2024,0,4.9739952e-05,0
img_07432_p05_2024,0,7.286262e-06,0
img_07432_p06_2024,0,4.668644e-06,0
img_07488_p01_2024,0,1.640952e-06,0
img_07488_p02_2024,0,2.4826695e-06,0
img_07488_p03_2024,0,5.2416062e-06,0
img_07488_p04_2024,0,6.417609e-07,0
img_07531_2024,0,0.0035274504,0
img_07530_2024,0,0.0010327878,0
img_07478_p01_2024,0,6.2475883e-06,0
img_07478_p02_2024,0,0.00012953074,0
img_07478_p03_2024,0,0.00042898717,0
img_07478_p04_2024,0,4.7149047e-06,0
img_07517_p01_2024,0,4.071115e-05,0
img_07517_p02_2024,0,1.6885193e-05,0
img_07532_2024,0,0.0006337001,0
img_07529_2024,0,0.0075168074,0
img_07534_2024,0,0.0012110019,0
img_07528_2024,0,0.000117937976,0
img_07536_2024,0,0.9972172,1
img_07522_p01_2024,0,9.778993e-07,0
img_07522_p02_2024,0,5.259818e-06,0
img_07539_2024,0,0.0017516353,0
img_07543_2024,0,1.1626852e-05,0
img_07541_2024,0,0.00016007424,0
img_07540_2024,0,1.9264811e-05,0
img_07545_2024,0,0.010240271,0
img_07546_2024,0,9.735345e-06,0
img_07542_2024,0,5.5451937e-06,0
img_07537_2024,0,0.0022191268,0
img_07538_2024,0,1.0953447e-05,0
img_07544_2024,0,0.0003334396,0
img_07547_2024,0,4.6361652e-05,0
img_07548_2024,0,0.0012688424,0
img_07550_2024,0,0.00093574775,0
img_07553_2024,0,0.0003575602,0
img_07554_2024,0,0.0017241996,0
img_07556_2024,0,6.690485e-05,0
img_07535_p01_2024,0,0.0017157731,0
img_07535_p02_2024,0,0.00048162584,0
img_07557_2024,0,2.7377515e-05,0
img_07552_2024,0,0.0025351546,0
img_07509_p01_2024,0,4.9083344e-05,0
img_07509_p02_2024,0,0.021296926,0
img_07509_p03_2024,0,0.11929021,0
img_07509_p04_2024,0,0.0027282164,0
img_07555_2024,0,0.00011813754,0
img_07515_p01_2024,0,0.00029193063,0
img_07515_p02_2024,0,4.431161e-05,0
img_07515_p03_2024,0,6.781454e-05,0
img_07515_p04_2024,0,0.00079370494,0
img_07564_2024,0,0.0057596047,0
img_07562_2024,0,0.014682068,0
img_07565_2024,0,1.8341914e-05,0
img_07567_2024,0,1.1019801e-05,0
img_07525_p01_2024,0,0.7303256,1
img_07525_p02_2024,0,0.084096774,0
img_07525_p03_2024,0,0.00020709432,0
img_07525_p04_2024,0,7.385076e-06,0
img_07568_2024,0,1.0638355e-06,0
img_07563_2024,0,2.5404888e-05,0
img_07560_2024,0,3.9080323e-06,0
img_07569_2024,0,2.1702821e-05,0
img_07572_2024,0,1.0198162e-05,0
img_07578_2024,0,3.46833e-07,0
img_07561_p01_2024,0,1.3618924e-05,0
img_07561_p02_2024,0,2.8981445e-05,0
img_07575_2024,0,0.0009960732,0
img_07571_2024,0,0.002609142,0
img_07579_2024,0,1.071152e-06,0
img_07566_p01_2024,0,0.00014060126,0
img_07566_p02_2024,0,8.9003064e-05,0
img_07335_p02_2024,0,7.8712954e-05,0
img_07335_p03_2024,0,2.5151316e-05,0
img_07335_p04_2024,0,9.582202e-06,0
img_07335_p05_2024,0,4.3253195e-07,0
img_07335_p06_2024,0,1.5136187e-06,0
img_07335_p07_2024,0,6.722351e-07,0
img_07335_p08_2024,0,2.7489077e-06,0
img_07335_p09_2024,0,1.7204277e-06,0
img_07335_p10_2024,0,9.4730285e-07,0
img_07335_p11_2024,0,1.16161245e-05,0
img_07335_p12_2024,0,0.000113356895,0
img_07335_p13_2024,0,0.00027747193,0
img_07335_p14_2024,0,4.5813857e-05,0
img_07335_p15_2024,0,2.5570112e-06,0
img_07573_2024,0,2.339237e-05,0
img_07580_2024,0,1.5044305e-05,0
img_07549_p01_2024,0,0.0055957804,0
img_07549_p02_2024,0,3.0125268e-05,0
img_07549_p03_2024,0,0.000135512,0
img_07549_p04_2024,0,0.0005597304,0
img_07576_2024,0,0.0002720083,0
img_07570_p01_2024,0,8.842383e-06,0
img_07570_p02_2024,0,9.6077856e-05,0
img_07582_2024,0,0.17023146,0
img_07583_2024,0,0.005435219,0
img_07586_2024,0,3.93759e-06,0
img_07584_2024,0,0.0002717903,0
img_07585_2024,0,0.005733845,0
img_07581_2024,0,0.0055035553,0
img_07590_2024,0,1.1204357e-05,0
img_07589_2024,0,0.00013987608,0
img_07591_2024,0,0.00022335246,0
img_07558_p01_2024,0,8.661778e-06,0
img_07558_p02_2024,0,6.162627e-05,0
img_07558_p03_2024,0,2.8937802e-06,0
img_07558_p04_2024,0,3.126258e-05,0
img_07588_2024,0,0.00012420132,0
img_07592_2024,0,4.5486227e-05,0
img_07596_2024,0,0.0012717406,0
img_07587_2024,0,0.000823565,0
img_07599_2024,0,8.1024256e-05,0
img_07597_2024,0,0.00028003257,0
img_07594_2024,0,0.004072595,0
img_07593_2024,0,0.000113073394,0
img_07595_2024,0,4.0163766e-05,0
img_07577_p01_2024,0,2.877531e-05,0
img_07577_p02_2024,0,4.0673235e-06,0
img_07574_p01_2024,0,0.0002752589,0
img_07574_p02_2024,0,1.3431166e-05,0
img_07574_p03_2024,0,1.9095034e-05,0
img_07574_p04_2024,0,1.2518545e-06,0
img_07603_2024,0,0.00017670976,0
img_07600_2024,0,0.023403998,0
img_07601_2024,0,0.0014079785,0
img_07602_2024,0,6.189684e-05,0
img_07606_2024,0,0.0012315015,0
img_07604_2024,0,0.00037709146,0
img_07605_2024,0,0.00086466013,0
img_07607_2024,0,2.9881488e-05,0
img_07610_2024,0,0.00021895133,0
img_07612_2024,0,1.745064e-05,0
img_07608_2024,0,0.02562985,0
img_07611_2024,0,0.022098646,0
img_07613_2024,0,0.00067705906,0
img_07615_2024,0,7.8090554e-05,0
img_07617_2024,0,0.008194301,0
img_07614_2024,0,1.5993044e-05,0
img_07619_2024,0,0.0014710089,0
img_07620_2024,0,0.001187918,0
img_07616_2024,0,2.0761101e-06,0
img_07609_p01_2024,0,0.9979709,1
img_07609_p02_2024,0,0.9483036,1
img_07625_2024,0,0.007008536,0
img_07626_2024,0,0.01436498,0
img_07624_2024,0,0.00035205862,0
img_07629_2024,0,0.00013481513,0
img_07622_2024,0,0.0013531684,0
img_07630_2024,0,0.000657916,0
img_07623_2024,0,0.009393344,0
img_07631_2024,0,0.0008932286,0
img_07634_2024,0,0.003109972,0
img_07627_2024,0,0.13935535,0
img_07633_2024,0,0.0010121217,0
img_07636_2024,0,5.0405157e-05,0
img_07559_p01_2024,0,1.5820573e-06,0
img_07559_p02_2024,0,2.5212e-05,0
img_07559_p03_2024,0,0.00019586977,0
img_07559_p04_2024,0,2.7812341e-06,0
img_07559_p05_2024,0,0.0058729365,0
img_07559_p06_2024,0,3.8137714e-05,0
img_07635_2024,0,0.000192512,0
img_07638_2024,0,0.0003202955,0
img_07639_2024,0,4.118568e-05,0
img_07551_p01_2024,0,7.6555436e-05,0
img_07551_p02_2024,0,0.0002796401,0
img_07551_p03_2024,0,3.8280516e-05,0
img_07551_p04_2024,0,0.00020517233,0
img_07551_p05_2024,0,0.0003632374,0
img_07551_p06_2024,0,0.00014583477,0
img_07640_2024,0,0.0005203724,0
img_07621_p01_2024,0,0.0020267584,0
img_07621_p02_2024,0,0.00023098501,0
img_07374_p01_2024,0,3.95175e-06,0
img_07374_p02_2024,0,3.542706e-05,0
img_07374_p03_2024,0,0.0003722475,0
img_07374_p04_2024,0,1.5941849e-05,0
img_07374_p05_2024,0,1.7521397e-06,0
img_07374_p06_2024,0,1.6489023e-05,0
img_07374_p07_2024,0,3.2463695e-06,0
img_07374_p08_2024,0,1.225855e-05,0
img_07374_p09_2024,0,8.264633e-06,0
img_07374_p10_2024,0,0.00018159376,0
img_07374_p11_2024,0,0.00028636714,0
img_07374_p12_2024,0,6.5017057e-06,0
img_07374_p13_2024,0,1.2350876e-05,0
img_07374_p14_2024,0,2.1688069e-05,0
img_07374_p15_2024,0,1.8565606e-05,0
img_07374_p16_2024,0,7.496517e-06,0
img_07641_2024,0,0.98174894,1
img_07646_2024,0,0.011768556,0
img_07643_2024,0,0.01303977,0
img_07642_2024,0,0.0034276585,0
img_07647_2024,0,0.00023072991,0
img_07649_2024,0,0.0001964479,0
img_07644_2024,0,0.0009678952,0
img_07645_2024,0,0.00049855845,0
img_07652_2024,0,0.00047024604,0
img_07651_2024,0,0.00035465267,0
img_07632_p01_2024,0,2.0376328e-06,0
img_07632_p02_2024,0,9.850917e-07,0
img_07653_2024,0,0.00022900986,0
img_07656_2024,0,8.840705e-06,0
img_07658_2024,0,0.0006793966,0
img_07414_p01_2024,0,1.8643512e-05,0
img_07414_p02_2024,0,7.240795e-05,0
img_07414_p03_2024,0,4.444848e-05,0
img_07414_p04_2024,0,8.386366e-05,0
img_07414_p05_2024,0,0.000110312554,0
img_07414_p06_2024,0,2.2904997e-05,0
img_07414_p07_2024,0,0.00025097278,0
img_07414_p08_2024,0,0.0004293846,0
img_07414_p09_2024,0,0.01715133,0
img_07414_p10_2024,0,1.5277032e-05,0
img_07414_p11_2024,0,2.8224465e-05,0
img_07414_p12_2024,0,0.0019518872,0
img_07414_p13_2024,0,0.0141722,0
img_07414_p14_2024,0,0.0001905501,0
img_07414_p15_2024,0,4.633227e-06,0
img_07414_p16_2024,0,1.2057365e-05,0
img_07660_2024,0,0.0077859084,0
img_07661_2024,0,0.0066421633,0
img_07662_2024,0,2.1455606e-05,0
img_07657_2024,0,0.00038395225,0
img_07654_2024,0,2.019634e-05,0
img_07637_p01_2024,0,5.4789602e-06,0
img_07637_p02_2024,0,1.795105e-05,0
img_07659_2024,0,1.0135248e-05,0
img_07666_2024,0,0.00045560006,0
img_07664_2024,0,0.0019132931,0
img_07663_2024,0,6.61949e-05,0
img_07670_2024,0,4.737381e-05,0
img_07533_p01_2024,0,4.8376273e-06,0
img_07533_p02_2024,0,3.282791e-07,0
img_07533_p03_2024,0,9.014322e-06,0
img_07533_p04_2024,0,0.81329656,1
img_07533_p05_2024,0,5.5515648e-06,0
img_07533_p06_2024,0,2.2774962e-05,0
img_07533_p07_2024,0,0.000100365694,0
img_07533_p08_2024,0,0.004057104,0
img_07598_p01_2024,0,0.009831207,0
img_07598_p02_2024,0,7.911631e-05,0
img_07598_p03_2024,0,2.8731572e-05,0
img_07598_p04_2024,0,0.0092718275,0
img_07598_p05_2024,0,0.004000789,0
img_07667_2024,0,4.29983e-06,0
img_07668_2024,0,2.3438033e-05,0
img_07671_2024,0,0.9291318,1
img_07665_2024,0,5.9489294e-06,0
img_07675_2024,0,0.0003631595,0
img_07676_2024,0,0.0005964081,0
img_07628_p01_2024,0,2.3519572e-06,0
img_07628_p02_2024,0,9.578096e-07,0
img_07628_p03_2024,0,2.5956488e-06,0
img_07628_p04_2024,0,4.0778214e-06,0
img_07678_2024,0,0.0005229885,0
img_07669_2024,0,0.00013342955,0
img_07679_2024,0,0.0010571696,0
img_07684_2024,0,1.6601982e-05,0
img_07685_2024,0,0.00085016055,0
img_07673_2024,0,6.164443e-05,0
img_07686_2024,0,0.0003245296,0
img_07682_2024,0,0.00048117843,0
img_07677_2024,0,0.0008431286,0
img_07683_2024,0,4.6200297e-05,0
img_07689_2024,0,0.013144595,0
img_07691_2024,0,1.0448977e-05,0
img_07687_2024,0,0.0003611169,0
img_07648_p01_2024,0,0.02225171,0
img_07648_p02_2024,0,0.004324314,0
img_07648_p03_2024,0,0.00015258549,0
img_07648_p04_2024,0,2.5446716e-05,0
img_07692_2024,0,0.0011004065,0
img_07680_2024,0,0.007107457,0
img_07693_2024,0,3.2844473e-05,0
img_07697_2024,0,0.72019476,1
img_07650_p01_2024,0,1.5555626e-05,0
img_07650_p02_2024,0,1.9734089e-05,0
img_07650_p03_2024,0,1.6899547e-05,0
img_07650_p04_2024,0,7.559428e-06,0
img_07696_2024,0,0.0011389891,0
img_07690_2024,0,7.295327e-05,0
img_07698_2024,0,7.775171e-06,0
img_07702_2024,0,0.018641,0
img_07701_2024,0,7.030608e-05,0
img_07699_2024,0,4.2530824e-05,0
img_07704_2024,0,6.291997e-05,0
img_07703_2024,0,0.0021434268,0
img_07705_2024,0,2.2238652e-05,0
img_07708_2024,0,7.107899e-06,0
img_07707_2024,0,4.5572347e-06,0
img_07706_2024,0,0.0011504183,0
img_07688_p01_2024,0,1.6675182e-06,0
img_07688_p02_2024,0,1.1894489e-06,0
img_07710_2024,0,0.0048592985,0
img_07712_2024,0,7.934018e-05,0
img_07681_p01_2024,0,0.24846596,1
img_07681_p02_2024,0,0.0015565242,0
img_07709_2024,0,0.0014339923,0
img_07716_2024,0,0.0020035582,0
img_07713_2024,0,0.00010578566,0
img_07718_2024,0,0.04152213,0
img_07715_2024,0,4.8780035e-05,0
img_07717_2024,0,1.48124955e-05,0
img_07618_p01_2024,0,2.5293043e-06,0
img_07618_p02_2024,0,3.962396e-06,0
img_07618_p03_2024,0,0.0016483496,0
img_07618_p04_2024,0,5.5310044e-05,0
img_07618_p05_2024,0,0.0003229287,0
img_07618_p06_2024,0,8.859424e-05,0
img_07694_p01_2024,0,8.395272e-05,0
img_07694_p02_2024,0,0.00089675514,0
img_07719_2024,0,2.6438915e-06,0
img_07700_p01_2024,0,4.776311e-05,0
img_07700_p02_2024,0,0.00014389923,0
img_07723_2024,0,3.3963126e-05,0
img_07722_2024,0,0.00058736105,0
img_07720_2024,0,0.00043879868,0
img_07725_2024,0,0.0022010396,0
img_07728_2024,0,0.0024703427,0
img_07729_2024,0,0.00047780355,0
img_07730_2024,0,0.00013040582,0
img_07726_2024,0,5.3017662e-05,0
img_07733_2024,0,3.635889e-05,0
img_07727_2024,0,0.00031463619,0
img_07731_2024,0,0.0019829585,0
img_07732_2024,0,0.009975843,0
img_07734_2024,0,8.4774416e-05,0
img_07724_p01_2024,0,0.00031691664,0
img_07724_p02_2024,0,0.01748494,0
img_07736_2024,0,0.000101100915,0
img_07737_2024,0,0.02232681,0
img_07674_p01_2024,0,3.4130597e-05,0
img_07674_p02_2024,0,2.9472936e-05,0
img_07674_p03_2024,0,3.1104105e-06,0
img_07674_p04_2024,0,5.5866867e-06,0
img_07740_2024,0,0.00095735636,0
img_07735_2024,0,3.6797428e-05,0
img_07743_2024,0,0.02423344,0
img_07742_2024,0,6.984492e-05,0
img_07746_2024,0,0.00011908841,0
img_07745_2024,0,6.1036146e-05,0
img_07747_2024,0,0.00013210923,0
img_07748_2024,0,0.00030751227,0
img_07738_2024,0,2.3187574e-06,0
img_07749_2024,0,0.08808224,0
img_07751_2024,0,0.00011822105,0
img_07752_2024,0,0.00025728668,0
img_07750_2024,0,0.010096937,0
img_07753_2024,0,2.3662096e-06,0
img_07754_2024,0,7.055485e-05,0
img_07756_2024,0,6.49774e-05,0
img_07759_2024,0,5.0296112e-05,0
img_07757_2024,0,4.552424e-05,0
img_07755_2024,0,0.00029713011,0
img_07761_2024,0,5.9697645e-06,0
img_07763_2024,0,0.0039841277,0
img_07741_p01_2024,0,0.00041436724,0
img_07741_p02_2024,0,0.0006365824,0
img_07765_2024,0,0.00021683391,0
img_07766_2024,0,4.84004e-05,0
img_07764_2024,0,0.0038199285,0
img_07768_2024,0,0.0004975181,0
img_07767_2024,0,2.3504354e-05,0
img_07721_p01_2024,0,3.293595e-06,0
img_07721_p02_2024,0,2.4910985e-05,0
img_07721_p03_2024,0,0.00038812845,0
img_07721_p04_2024,0,0.0066385083,0
img_07771_2024,0,0.6005198,1
img_07770_2024,0,0.00047101628,0
img_07769_2024,0,0.00015049378,0
img_07760_p01_2024,0,0.011643328,0
img_07760_p02_2024,0,0.0005103659,0
img_07711_p01_2024,0,0.0013745825,0
img_07711_p02_2024,0,0.003366454,0
img_07711_p03_2024,0,0.00030220748,0
img_07711_p04_2024,0,0.0021789374,0
img_07772_2024,0,0.00025443497,0
img_07775_2024,0,5.0430208e-05,0
img_07773_2024,0,0.0016790751,0
img_07777_2024,0,2.1323629e-05,0
img_07774_2024,0,4.158503e-06,0
img_07782_2024,0,0.00067437976,0
img_07783_2024,0,0.005394188,0
img_07780_2024,0,0.00038427982,0
img_07781_2024,0,1.1058405e-05,0
img_07784_2024,0,0.000495905,0
img_07778_2024,0,0.00087073736,0
img_07785_2024,0,3.4421346e-06,0
img_07787_2024,0,1.1004636e-05,0
img_07744_p01_2024,0,2.4334657e-05,0
img_07744_p02_2024,0,0.001658313,0
img_07744_p03_2024,0,0.0010019295,0
img_07744_p04_2024,0,0.002209155,0
img_07776_p01_2024,0,7.930487e-07,0
img_07776_p02_2024,0,3.1416682e-06,0
img_07695_p01_2024,0,2.4702492e-06,0
img_07695_p02_2024,0,4.1131556e-05,0
img_07695_p03_2024,0,0.00014273246,0
img_07695_p04_2024,0,2.2448999e-06,0
img_07695_p05_2024,0,5.45361e-05,0
img_07695_p06_2024,0,2.3262384e-05,0
img_07786_2024,0,0.098182276,0
img_07789_2024,0,0.02802138,0
img_07790_2024,0,8.912333e-05,0
img_07793_2024,0,0.0032273724,0
img_07794_2024,0,9.917959e-05,0
img_07800_2024,0,0.0005528545,0
img_07796_2024,0,4.1174564e-05,0
img_07797_2024,0,5.926218e-07,0
img_07798_2024,0,0.0001333123,0
img_07799_2024,0,3.9586075e-06,0
img_07739_p01_2024,0,0.0012358627,0
img_07739_p02_2024,0,0.0023630015,0
img_07739_p03_2024,0,1.909265e-05,0
img_07739_p04_2024,0,0.0026420902,0
img_07739_p05_2024,0,0.01491858,0
img_07739_p06_2024,0,1.1515729e-05,0
img_07801_2024,0,0.0005543671,0
img_07803_2024,0,0.0004131896,0
img_07806_2024,0,0.0016977101,0
img_07804_2024,0,1.9171462e-06,0
img_07802_2024,0,0.011259345,0
img_07808_2024,0,0.003023523,0
img_07779_p01_2024,0,2.4853727e-05,0
img_07779_p02_2024,0,0.00035821612,0
img_07807_2024,0,0.00010744061,0
img_07811_2024,0,0.0001942576,0
img_07810_2024,0,6.6631537e-06,0
img_07805_2024,0,3.9344763e-05,0
img_07809_2024,0,5.444802e-05,0
img_07791_p01_2024,0,0.0010952558,0
img_07791_p02_2024,0,0.00042110716,0
img_07812_2024,0,0.0004538385,0
img_07814_2024,0,0.00029326964,0
img_07813_2024,0,0.0001287051,0
img_07795_p01_2024,0,1.6278373e-06,0
img_07795_p02_2024,0,3.3345044e-05,0
img_07815_2024,0,0.0012204337,0
img_07816_2024,0,0.00030941615,0
img_07819_2024,0,3.5570523e-07,0
img_07818_2024,0,0.0003190393,0
img_07817_2024,0,0.0072851623,0
img_07821_2024,0,0.00018918021,0
img_07822_2024,0,5.6594617e-05,0
img_07825_2024,0,0.0031536946,0
img_07823_2024,0,0.00015962735,0
img_07826_2024,0,1.5446883e-05,0
img_07824_2024,0,0.023174668,0
img_07829_2024,0,0.00022286363,0
img_07828_2024,0,4.056354e-05,0
img_07831_2024,0,0.0024339848,0
img_07830_2024,0,0.00019454492,0
img_07762_p01_2024,0,0.7147201,1
img_07762_p02_2024,0,3.46225e-05,0
img_07762_p03_2024,0,8.361256e-06,0
img_07762_p04_2024,0,0.08620008,0
img_07762_p05_2024,0,9.020807e-06,0
img_07762_p06_2024,0,2.0968093e-05,0
img_07836_2024,0,2.4017805e-05,0
img_07832_2024,0,0.0001042497,0
img_07834_2024,0,0.00030078352,0
img_07838_2024,0,0.00014043029,0
img_07792_p01_2024,0,0.0057090977,0
img_07792_p02_2024,0,3.0037485e-05,0
img_07792_p03_2024,0,0.8629101,1
img_07792_p04_2024,0,8.449623e-06,0
img_07820_p01_2024,0,0.004236203,0
img_07820_p02_2024,0,2.189691e-05,0
img_07835_2024,0,1.3443329e-06,0
img_07840_2024,0,0.00030268295,0
img_07841_2024,0,0.020664407,0
img_07842_2024,0,9.932194e-05,0
img_07843_2024,0,5.8541442e-05,0
img_07827_2024,0,0.0008364385,0
img_07839_2024,0,0.00081567647,0
img_07846_2024,0,0.0024073676,0
img_07845_2024,0,0.00054860394,0
img_07847_2024,0,7.7482306e-05,0
img_07848_2024,0,8.086678e-05,0
img_07850_2024,0,0.004879065,0
img_07849_2024,0,3.14224e-05,0
img_07852_2024,0,0.00020480568,0
img_07844_2024,0,0.00077678246,0
img_07851_2024,0,0.00052023726,0
img_07855_2024,0,0.00016951562,0
img_07853_2024,0,0.0008871504,0
img_07714_p01_2024,0,9.9112745e-05,0
img_07714_p02_2024,0,0.00128575,0
img_07714_p03_2024,0,2.1902279e-05,0
img_07714_p04_2024,0,2.2241156e-05,0
img_07714_p05_2024,0,0.0011463554,0
img_07714_p06_2024,0,7.855092e-05,0
img_07714_p07_2024,0,0.0020196836,0
img_07714_p08_2024,0,0.000105972955,0
img_07714_p09_2024,0,4.770778e-06,0
img_07856_2024,0,6.1407945e-06,0
img_07860_2024,0,2.7157474e-05,0
img_07863_2024,0,0.00013932286,0
img_07861_2024,0,0.00023578305,0
img_07854_2024,0,0.0006573814,0
img_07858_2024,0,4.8572125e-05,0
img_07864_2024,0,3.8075137e-05,0
img_07862_2024,0,5.2451564e-05,0
img_07867_2024,0,7.859842e-05,0
img_07866_2024,0,0.00032574686,0
img_07869_2024,0,0.0021486774,0
img_07871_2024,0,2.938467e-05,0
img_07870_2024,0,1.4688174e-05,0
img_07875_2024,0,0.0004750904,0
img_07868_2024,0,0.00601431,0
img_07874_2024,0,0.26749012,1
img_07876_2024,0,3.047327e-05,0
img_07857_p01_2024,0,5.7780166e-05,0
img_07857_p02_2024,0,5.946065e-06,0
img_07872_2024,0,1.7457716e-05,0
img_07877_2024,0,2.921281e-05,0
img_07879_2024,0,3.190568e-05,0
img_07880_2024,0,1.1475102e-05,0
img_07882_2024,0,0.13518201,0
img_07881_2024,0,8.589395e-07,0
img_07888_2024,0,0.0016674561,0
img_07672_p01_2024,0,2.4035218e-05,0
img_07672_p02_2024,0,2.698708e-05,0
img_07672_p03_2024,0,2.2543525e-06,0
img_07672_p04_2024,0,8.383013e-06,0
img_07672_p05_2024,0,3.159554e-05,0
img_07672_p06_2024,0,9.509357e-06,0
img_07672_p07_2024,0,7.0593545e-05,0
img_07672_p08_2024,0,0.0030836335,0
img_07672_p09_2024,0,0.0013875907,0
img_07672_p10_2024,0,0.040362105,0
img_07672_p11_2024,0,0.0017177148,0
img_07672_p12_2024,0,2.36933e-06,0
img_07672_p13_2024,0,2.1416214e-05,0
img_07885_2024,0,0.0013226974,0
img_07887_2024,0,0.003436108,0
img_07883_2024,0,3.939496e-05,0
img_07889_2024,0,0.00965675,0
img_07837_p01_2024,0,5.3015236e-05,0
img_07837_p02_2024,0,9.121697e-05,0
img_07837_p03_2024,0,0.000104978426,0
img_07837_p04_2024,0,0.00014654514,0
img_07886_2024,0,0.0074299583,0
img_07890_2024,0,0.0020831134,0
img_07833_p01_2024,0,8.463096e-05,0
img_07833_p02_2024,0,6.214904e-05,0
img_07833_p03_2024,0,0.0015907987,0
img_07833_p04_2024,0,9.215167e-05,0
img_07894_2024,0,0.0050090957,0
img_07896_2024,0,2.3326986e-05,0
img_07895_2024,0,0.0039189276,0
img_07892_2024,0,0.005566107,0
img_07859_p01_2024,0,0.0021172403,0
img_07859_p02_2024,0,0.008418318,0
img_07859_p03_2024,0,0.0017025652,0
img_07859_p04_2024,0,0.00037488728,0
img_07897_2024,0,0.0007103179,0
img_07893_2024,0,0.0005918043,0
img_07899_2024,0,2.3311706e-05,0
img_07900_2024,0,0.00031879972,0
img_07901_2024,0,0.030205702,0
img_07891_2024,0,0.0020893717,0
img_07898_2024,0,1.8081205e-06,0
img_07903_2024,0,0.01885397,0
img_07902_2024,0,1.823229e-05,0
img_07906_2024,0,0.0007908199,0
img_07905_2024,0,0.0028369885,0
img_07904_2024,0,0.0022179277,0
img_07912_2024,0,2.8806573e-06,0
img_07910_2024,0,0.16775818,0
img_07908_2024,0,0.6188955,1
img_07913_2024,0,0.000115705654,0
img_07916_2024,0,3.2590873e-05,0
img_07907_2024,0,0.0009136225,0
img_07918_2024,0,0.00016898708,0
img_07915_2024,0,0.003286819,0
img_07914_2024,0,0.00017581094,0
img_07920_2024,0,0.0015579625,0
img_07921_2024,0,0.0007002335,0
img_07919_2024,0,0.017909057,0
img_07926_2024,0,0.00012397839,0
img_07922_2024,0,0.0005642849,0
img_07865_p01_2024,0,3.2187725e-06,0
img_07865_p02_2024,0,5.4249103e-05,0
img_07865_p03_2024,0,0.31329113,1
img_07865_p04_2024,0,0.0034739128,0
img_07923_2024,0,5.7110312e-05,0
img_07927_2024,0,0.10251475,0
img_07911_p01_2024,0,0.038611744,0
img_07911_p02_2024,0,0.08482494,0
img_07925_2024,0,0.217079,1
img_07924_2024,0,0.00018558072,0
img_07909_p01_2024,0,0.00031008266,0
img_07909_p02_2024,0,2.9870778e-05,0
img_07936_2024,0,9.098155e-05,0
img_07938_2024,0,0.0029340002,0
img_07933_2024,0,0.99933213,1
img_07939_2024,0,6.5753725e-06,0
img_07932_2024,0,0.0004911213,0
img_07934_2024,0,3.1071468e-05,0
img_07940_2024,0,0.0001247241,0
img_07942_2024,0,0.00084147725,0
img_07943_2024,0,6.4801105e-05,0
img_07945_2024,0,6.698823e-05,0
img_07884_p01_2024,0,0.00032956403,0
img_07884_p02_2024,0,0.00026784852,0
img_07884_p03_2024,0,2.4823168e-05,0
img_07884_p04_2024,0,1.1289767e-05,0
img_07884_p05_2024,0,5.5135497e-06,0
img_07944_2024,0,0.0019489857,0
img_07947_2024,0,9.4823255e-05,0
img_07948_2024,0,0.00020831583,0
img_07950_2024,0,1.7533666e-06,0
img_07929_p01_2024,0,0.0048938766,0
img_07929_p02_2024,0,0.00068525196,0
img_07929_p03_2024,0,0.0020163225,0
img_07929_p04_2024,0,0.00026712805,0
img_07949_2024,0,0.0006271253,0
img_07952_2024,0,0.0012598797,0
img_07946_p01_2024,0,4.7410836e-06,0
img_07946_p02_2024,0,3.475041e-07,0
img_07954_2024,0,0.0020674358,0
img_07953_2024,0,0.00011730238,0
img_07956_2024,0,6.3358726e-05,0
img_07951_2024,0,6.254578e-05,0
img_07957_2024,0,0.0068244557,0
img_07958_2024,0,1.9145124e-05,0
img_07931_p01_2024,0,9.955975e-05,0
img_07931_p02_2024,0,0.0001574777,0
img_07931_p03_2024,0,6.0459108e-05,0
img_07931_p04_2024,0,0.00022855352,0
img_07959_2024,0,2.773738e-06,0
img_07758_p01_2024,0,7.488943e-06,0
img_07758_p02_2024,0,0.6941398,1
img_07758_p03_2024,0,0.0009175683,0
img_07758_p04_2024,0,2.3038607e-05,0
img_07758_p05_2024,0,0.7986307,1
img_07758_p06_2024,0,0.00022407812,0
img_07758_p07_2024,0,0.038665645,0
img_07758_p08_2024,0,0.45385876,1
img_07758_p09_2024,0,0.37931183,1
img_07758_p10_2024,0,2.3849157e-06,0
img_07758_p11_2024,0,4.214276e-06,0
img_07758_p12_2024,0,0.0062530027,0
img_07758_p13_2024,0,8.7584056e-05,0
img_07758_p14_2024,0,1.5780515e-05,0
img_07758_p15_2024,0,1.945772e-05,0
img_07961_2024,0,1.7807584e-05,0
img_07960_2024,0,0.00016909363,0
img_07963_2024,0,2.4129771e-05,0
img_07965_2024,0,0.0042099752,0
img_07964_2024,0,1.9349507e-05,0
img_07962_2024,0,0.0011597621,0
img_07966_2024,0,7.145232e-06,0
img_07970_2024,0,0.009862737,0
img_07968_2024,0,6.0566535e-06,0
img_07969_2024,0,0.7479096,1
img_07967_2024,0,0.00019300051,0
img_07937_p01_2024,0,4.0264353e-05,0
img_07937_p02_2024,0,4.1352392e-05,0
img_07937_p03_2024,0,0.00017280669,0
img_07937_p04_2024,0,0.00022275465,0
img_07972_2024,0,1.6324984e-05,0
img_07973_2024,0,3.0776126e-05,0
img_07974_2024,0,2.8470944e-07,0
img_07971_2024,0,3.24973e-05,0
img_07788_p01_2024,0,0.0016480631,0
img_07788_p02_2024,0,0.0006338366,0
img_07788_p03_2024,0,2.236935e-06,0
img_07788_p04_2024,0,6.616265e-06,0
img_07788_p05_2024,0,3.787397e-05,0
img_07788_p06_2024,0,0.00077622384,0
img_07788_p07_2024,0,4.9112277e-05,0
img_07788_p08_2024,0,1.9204463e-05,0
img_07788_p09_2024,0,0.00092282356,0
img_07788_p10_2024,0,0.55123955,1
img_07788_p11_2024,0,0.00027776998,0
img_07788_p12_2024,0,0.00017441822,0
img_07788_p13_2024,0,0.0005211771,0
img_07788_p14_2024,0,0.7792782,1
img_07977_2024,0,0.0016562019,0
img_07978_2024,0,0.0010558763,0
img_07982_2024,0,3.0612322e-05,0
img_07980_2024,0,0.0006995938,0
img_07979_2024,0,8.648671e-06,0
img_07930_p01_2024,0,5.263692e-06,0
img_07930_p02_2024,0,1.9717441e-05,0
img_07930_p03_2024,0,6.488446e-05,0
img_07930_p04_2024,0,3.8581184e-05,0
img_07930_p05_2024,0,8.072299e-06,0
img_07930_p06_2024,0,1.4713591e-05,0
img_07983_2024,0,0.042146355,0
img_07981_2024,0,1.5257043e-05,0
img_07976_2024,0,1.923652e-05,0
img_07985_2024,0,0.00017260679,0
img_07986_2024,0,0.00027240644,0
img_07984_2024,0,3.772078e-05,0
img_07989_2024,0,6.54317e-06,0
img_07917_p01_2024,0,0.0036913883,0
img_07917_p02_2024,0,6.834637e-06,0
img_07917_p03_2024,0,9.873174e-05,0
img_07917_p04_2024,0,8.193667e-05,0
img_07917_p05_2024,0,8.488378e-05,0
img_07917_p06_2024,0,1.6923012e-05,0
img_07917_p07_2024,0,2.5577025e-05,0
img_07917_p08_2024,0,5.016051e-05,0
img_07988_2024,0,0.00015611136,0
img_07991_2024,0,3.6927282e-05,0
img_07941_p01_2024,0,3.820841e-05,0
img_07941_p02_2024,0,4.6247857e-05,0
img_07941_p03_2024,0,5.4098846e-06,0
img_07941_p04_2024,0,4.9739385e-05,0
img_07941_p05_2024,0,2.2834245e-05,0
img_07941_p06_2024,0,6.120471e-05,0
img_07975_p01_2024,0,9.350954e-06,0
img_07975_p02_2024,0,0.0004069531,0
img_07992_2024,0,2.6386035e-05,0
img_07996_2024,0,0.00014933391,0
img_07995_2024,0,0.0001138107,0
img_07994_2024,0,0.0019824018,0
img_07928_p01_2024,0,7.019849e-05,0
img_07928_p02_2024,0,5.002216e-06,0
img_07928_p03_2024,0,1.45198355e-05,0
img_07928_p04_2024,0,6.404876e-05,0
img_07928_p05_2024,0,2.8831893e-05,0
img_07928_p06_2024,0,1.8598372e-05,0
img_07935_p01_2024,0,0.0009255312,0
img_07935_p02_2024,0,1.006e-06,0
img_07935_p03_2024,0,3.6300783e-06,0
img_07935_p04_2024,0,0.0036895229,0
img_07935_p05_2024,0,0.0006571909,0
img_07935_p06_2024,0,8.18054e-06,0
img_08004_2024,0,0.0009666681,0
img_07999_2024,0,1.5179297e-05,0
img_08003_2024,0,0.00018025335,0
img_08002_2024,0,6.8645745e-06,0
img_08007_2024,0,6.668351e-05,0
img_08001_2024,0,6.574184e-05,0
img_08000_2024,0,6.06129e-05,0
img_07993_p01_2024,0,1.034642e-06,0
img_07993_p02_2024,0,2.7465274e-05,0
img_08008_2024,0,2.9044577e-06,0
img_08005_2024,0,0.0005692336,0
img_07987_p01_2024,0,6.59839e-05,0
img_07987_p02_2024,0,0.001591207,0
img_08006_2024,0,6.084477e-06,0
img_08009_2024,0,0.0002223008,0
img_07990_p01_2024,0,5.534054e-05,0
img_07990_p02_2024,0,0.010029021,0
img_08011_2024,0,0.00026998707,0
img_08013_2024,0,0.00016456663,0
img_08010_2024,0,0.0019372432,0
img_08015_2024,0,0.0015895738,0
img_08014_2024,0,1.5083696e-05,0
img_07998_p01_2024,0,9.352372e-06,0
img_07998_p02_2024,0,1.5592803e-05,0
img_08021_2024,0,0.012511496,0
img_08018_2024,0,4.365845e-05,0
img_07997_p01_2024,0,6.277272e-05,0
img_07997_p02_2024,0,0.00019284837,0
img_08017_2024,0,0.0011074039,0
img_08016_2024,0,5.0835606e-05,0
img_08012_2024,0,5.2013336e-05,0
img_08023_2024,0,0.004177534,0
img_07655_p02_2024,0,0.00025029364,0
img_07655_p03_2024,0,0.00010354539,0
img_07655_p04_2024,0,0.00012405917,0
img_07655_p05_2024,0,0.0015539646,0
img_07655_p06_2024,0,5.7536752e-05,0
img_07655_p07_2024,0,4.4604738e-05,0
img_07655_p08_2024,0,0.00012106128,0
img_07655_p09_2024,0,2.843083e-05,0
img_07655_p10_2024,0,0.000224368,0
img_07655_p11_2024,0,0.0003034773,0
img_07655_p12_2024,0,0.028097196,0
img_07655_p13_2024,0,1.6247292e-06,0
img_07655_p14_2024,0,6.741516e-05,0
img_07655_p15_2024,0,0.00013624248,0
img_07655_p16_2024,0,0.000119350785,0
img_07655_p17_2024,0,0.00025101943,0
img_07655_p19_2024,0,3.5282657e-05,0
img_07655_p20_2024,0,2.6346133e-05,0
img_07655_p21_2024,0,1.1841253e-05,0
img_08024_2024,0,0.317268,1
img_08025_2024,0,4.3170945e-05,0
img_08029_2024,0,6.218331e-06,0
img_08028_2024,0,0.0014638402,0
img_08033_2024,0,1.3421319e-05,0
img_08031_2024,0,0.00016204487,0
img_08026_2024,0,0.044542722,0
img_08032_2024,0,4.419762e-05,0
img_08030_2024,0,4.270579e-05,0
img_08034_2024,0,9.6642965e-05,0
img_08035_2024,0,0.0011608618,0
img_08036_2024,0,0.00031750332,0
img_08041_2024,0,0.0010311612,0
img_08042_2024,0,0.00031014622,0
img_08044_2024,0,0.08285921,0
img_08046_2024,0,6.3856946e-06,0
img_08020_p01_2024,0,0.000121854515,0
img_08020_p02_2024,0,0.3630853,1
img_08040_2024,0,4.431098e-05,0
img_08047_2024,0,0.0012445778,0
img_08050_2024,0,2.7745433e-05,0
img_07955_p01_2024,0,5.9552417e-06,0
img_07955_p02_2024,0,2.510064e-06,0
img_07955_p03_2024,0,0.00041369884,0
img_07955_p04_2024,0,0.00011140911,0
img_07955_p05_2024,0,2.5923515e-05,0
img_07955_p06_2024,0,4.5193643e-05,0
img_07955_p07_2024,0,0.0002866053,0
img_07955_p08_2024,0,0.00020637269,0
img_08052_2024,0,0.00017863867,0
img_08051_2024,0,1.1929857e-05,0
img_08038_p01_2024,0,0.00018288552,0
img_08038_p02_2024,0,0.0031498622,0
img_08053_2024,0,0.00027535917,0
img_08048_2024,0,5.2113514e-06,0
img_08054_2024,0,5.44435e-05,0
img_08056_2024,0,0.0023346005,0
img_08058_2024,0,2.8794606e-05,0
img_08060_2024,0,0.005580489,0
img_08059_2024,0,0.000104555045,0
img_08064_2024,0,0.0013450589,0
img_08061_2024,0,0.00021753176,0
img_08063_2024,0,0.00026865056,0
img_08062_2024,0,7.130231e-05,0
img_08057_p01_2024,0,0.00013183088,0
img_08057_p02_2024,0,0.00015463047,0
img_08066_2024,0,5.840299e-05,0
img_08065_2024,0,0.3713321,1
img_08067_2024,0,0.00020986707,0
img_08068_2024,0,1.6640499e-05,0
img_08055_p01_2024,0,0.00012281106,0
img_08055_p02_2024,0,0.0054350565,0
img_08070_2024,0,0.0009822816,0
img_08069_2024,0,4.009745e-06,0
img_08072_2024,0,0.00020628396,0
img_08037_p01_2024,0,1.0699559e-05,0
img_08037_p02_2024,0,7.2265343e-06,0
img_08071_2024,0,0.82091874,1
img_08039_p01_2024,0,0.0035262608,0
img_08039_p02_2024,0,0.00014275654,0
img_08039_p03_2024,0,1.22629e-05,0
img_08039_p04_2024,0,6.5773734e-06,0
img_08074_2024,0,0.0016931904,0
img_08075_2024,0,0.00031037518,0
img_08073_2024,0,0.00051338924,0
img_08080_2024,0,0.00350878,0
img_08076_2024,0,4.7443435e-05,0
img_08078_2024,0,6.6807945e-05,0
img_08077_2024,0,0.0007485157,0
img_08079_2024,0,0.0002372615,0
img_08082_2024,0,2.1555088e-06,0
img_08084_2024,0,0.0014686735,0
img_08081_2024,0,8.961257e-05,0
img_08083_2024,0,3.65334e-06,0
img_08085_2024,0,0.16947538,0
img_08090_2024,0,2.8018023e-05,0
img_08087_2024,0,4.2115553e-05,0
img_08022_p01_2024,0,6.850899e-05,0
img_08022_p02_2024,0,0.0005099854,0
img_08022_p03_2024,0,3.237095e-05,0
img_08022_p04_2024,0,0.00067707966,0
img_08022_p05_2024,0,0.00041961728,0
img_08022_p06_2024,0,0.0020633915,0
img_08093_2024,0,0.0006829349,0
img_08089_2024,0,0.02498831,0
img_08086_2024,0,0.00017219647,0
img_08088_2024,0,9.040166e-06,0
img_08092_2024,0,0.00025262858,0
img_08091_2024,0,0.0004203197,0
img_08095_2024,0,1.4445022e-06,0
img_08096_2024,0,0.0128258085,0
img_07873_p01_2024,0,0.00055366504,0
img_07873_p02_2024,0,6.471499e-06,0
img_07873_p03_2024,0,0.00014256542,0
img_07873_p04_2024,0,2.8129962e-05,0
img_07873_p05_2024,0,2.8837201e-05,0
img_07873_p06_2024,0,0.006599331,0
img_07873_p07_2024,0,0.0002560279,0
img_07873_p08_2024,0,9.906664e-05,0
img_07873_p09_2024,0,6.8640955e-05,0
img_07873_p10_2024,0,3.0486324e-05,0
img_07873_p11_2024,0,0.0007100502,0
img_07873_p12_2024,0,0.0018029655,0
img_07873_p13_2024,0,0.00016210886,0
img_07873_p14_2024,0,0.00011907602,0
img_07873_p15_2024,0,1.7246171e-05,0
img_07873_p16_2024,0,0.0014019521,0
img_08098_2024,0,0.0053811315,0
img_08043_p01_2024,0,6.570518e-05,0
img_08043_p02_2024,0,0.000110621826,0
img_08043_p03_2024,0,0.00015432732,0
img_08043_p04_2024,0,0.0027211886,0
img_08094_2024,0,4.954321e-05,0
img_08097_2024,0,0.013433095,0
img_08099_2024,0,1.9429777e-05,0
img_08102_2024,0,1.5691809e-05,0
img_08104_2024,0,0.0011105732,0
img_08100_2024,0,0.001122961,0
img_08101_2024,0,0.014809383,0
img_08103_2024,0,0.00039384206,0
img_08106_2024,0,1.8216195e-05,0
img_08105_2024,0,2.5971049e-05,0
img_08109_2024,0,0.9411182,1
img_08112_2024,0,0.00056766346,0
img_08108_2024,0,0.027621273,0
img_08110_2024,0,0.0018623397,0
img_08027_p01_2024,0,1.9532963e-05,0
img_08027_p02_2024,0,6.3081825e-05,0
img_08027_p03_2024,0,0.00021864277,0
img_08027_p04_2024,0,1.17776e-05,0
img_08027_p05_2024,0,0.0001370225,0
img_08027_p06_2024,0,0.0004380982,0
img_08111_2024,0,3.9371524e-05,0
img_08113_2024,0,0.00021683764,0
img_08107_2024,0,0.0009155301,0
img_08118_2024,0,0.0018766632,0
img_08115_2024,0,0.0037444101,0
img_08117_2024,0,2.7564907e-05,0
img_08119_2024,0,0.0014749665,0
img_08120_2024,0,2.2088332e-05,0
img_08116_2024,0,2.4989884e-05,0
img_08121_2024,0,0.00053277594,0
img_08124_2024,0,0.000546868,0
img_08045_p01_2024,0,0.00022498154,0
img_08045_p02_2024,0,1.5541807e-05,0
img_08045_p03_2024,0,0.013537738,0
img_08045_p04_2024,0,0.00013869762,0
img_08045_p05_2024,0,7.09848e-05,0
img_08045_p06_2024,0,7.5135635e-05,0
img_08122_2024,0,2.1901336e-05,0
img_08126_2024,0,1.16984465e-05,0
img_08125_2024,0,0.000926432,0
img_08127_2024,0,0.029858883,0
img_08128_2024,0,0.03676863,0
img_08130_2024,0,0.00014722189,0
img_08133_2024,0,6.472805e-05,0
img_08134_2024,0,0.11490743,0
img_08132_2024,0,3.6565712e-06,0
img_08137_2024,0,3.2091306e-05,0
img_08136_2024,0,0.0052968073,0
img_08049_p01_2024,0,5.6234257e-06,0
img_08049_p02_2024,0,0.00085515756,0
img_08049_p03_2024,0,0.023622159,0
img_08049_p05_2024,0,7.2644e-05,0
img_08049_p06_2024,0,0.00040489392,0
img_08129_2024,0,3.6632027e-06,0
img_08142_2024,0,0.05327585,0
img_08135_2024,0,0.00026909146,0
img_08139_2024,0,7.1752555e-05,0
img_08140_2024,0,0.000292848,0
img_08145_2024,0,0.00015667983,0
img_08146_2024,0,0.09634791,0
img_08141_2024,0,0.00093459565,0
img_08138_2024,0,6.295112e-05,0
img_08148_2024,0,0.0006923754,0
img_08143_2024,0,0.00044011744,0
img_08147_2024,0,2.6479329e-05,0
img_08154_2024,0,4.316305e-06,0
img_08152_2024,0,3.150687e-05,0
img_08144_2024,0,0.00010627969,0
img_08153_2024,0,0.000729472,0
img_08151_2024,0,2.3013051e-06,0
img_08156_2024,0,0.00014519248,0
img_08150_2024,0,0.0015280436,0
img_08159_2024,0,3.7841983e-05,0
img_08155_2024,0,2.3980638e-05,0
img_07878_p01_2024,0,1.1288205e-05,0
img_07878_p02_2024,0,0.00010376443,0
img_07878_p03_2024,0,0.00021137102,0
img_07878_p04_2024,0,0.0017566166,0
img_07878_p05_2024,0,1.2978926e-05,0
img_07878_p06_2024,0,3.176112e-05,0
img_07878_p07_2024,0,0.00079893286,0
img_07878_p08_2024,0,3.0270177e-05,0
img_07878_p09_2024,0,0.0006968882,0
img_07878_p10_2024,0,0.017560605,0
img_07878_p11_2024,0,2.7500579e-05,0
img_07878_p12_2024,0,7.983354e-06,0
img_07878_p13_2024,0,6.8570043e-06,0
img_07878_p14_2024,0,1.7590844e-05,0
img_07878_p15_2024,0,3.9137183e-05,0
img_07878_p16_2024,0,0.000626656,0
img_07878_p17_2024,0,0.07887096,0
img_07878_p18_2024,0,2.3178443e-06,0
img_07878_p19_2024,0,7.341721e-06,0
img_07878_p20_2024,0,1.1700677e-05,0
img_08162_2024,0,4.0127277e-05,0
img_08165_2024,0,0.015391753,0
img_08149_p01_2024,0,0.00023483604,0
img_08149_p02_2024,0,5.5010896e-05,0
img_08168_2024,0,7.3917768e-06,0
img_08163_2024,0,7.922422e-06,0
img_08161_2024,0,0.9860865,1
img_08164_2024,0,0.99996233,1
img_08167_2024,0,0.001305685,0
img_08169_2024,0,0.99821633,1
img_08114_p01_2024,0,2.2745204e-05,0
img_08114_p02_2024,0,0.0009653686,0
img_08114_p03_2024,0,0.0003109806,0
img_08114_p04_2024,0,0.00038742294,0
img_08171_2024,0,0.006444804,0
img_08170_2024,0,0.007890846,0
img_08174_2024,0,0.00017137207,0
img_08173_2024,0,3.5747187e-05,0
img_08178_2024,0,0.007805158,0
img_08176_2024,0,0.0018239097,0
img_08166_2024,0,0.07336891,0
img_08179_2024,0,3.8378075e-05,0
img_08180_2024,0,3.430868e-05,0
img_08182_2024,0,5.6059143e-05,0
img_08172_2024,0,2.5474857e-05,0
img_08184_2024,0,0.0040521263,0
img_08157_p01_2024,0,4.0531822e-06,0
img_08157_p02_2024,0,2.0137134e-06,0
img_08183_2024,0,0.000711131,0
img_08186_2024,0,0.00062778074,0
img_08185_2024,0,0.0021940616,0
img_08193_2024,0,0.0055955173,0
img_08189_2024,0,2.4145149e-05,0
img_08191_2024,0,6.189737e-05,0
img_08195_2024,0,4.1876983e-06,0
img_08187_2024,0,1.8638997e-05,0
img_08194_2024,0,6.775513e-05,0
img_08196_2024,0,0.00012710592,0
img_08192_2024,0,0.003526986,0
img_08197_2024,0,0.00084606325,0
img_08190_p01_2024,0,0.00018170806,0
img_08190_p02_2024,0,3.5089602e-06,0
img_08200_2024,0,0.00020302995,0
img_08199_2024,0,0.0016925579,0
img_08201_2024,0,1.9988574e-05,0
img_08198_2024,0,7.1387744e-06,0
img_08203_2024,0,0.0062198215,0
img_08202_2024,0,1.076102e-05,0
img_08204_2024,0,0.00031697043,0
img_08206_2024,0,0.000481655,0
img_08207_2024,0,0.0027740519,0
img_08205_2024,0,8.724047e-05,0
img_08160_p01_2024,0,1.6911742e-06,0
img_08160_p02_2024,0,1.1906156e-06,0
img_08160_p03_2024,0,5.26132e-07,0
img_08160_p04_2024,0,1.2476185e-05,0
img_08175_p01_2024,0,0.010033103,0
img_08175_p02_2024,0,0.00030452735,0
img_08175_p03_2024,0,0.0017961962,0
img_08158_p01_2024,0,0.00012569418,0
img_08158_p02_2024,0,0.0008064386,0
img_08158_p03_2024,0,0.0885428,0
img_08158_p04_2024,0,0.000100715544,0
img_08209_2024,0,0.0009612143,0
img_08208_2024,0,0.0025067257,0
img_08210_2024,0,0.1257172,0
img_08214_2024,0,0.00049765373,0
img_08211_2024,0,0.00052524207,0
img_08212_2024,0,1.2421359e-05,0
img_08218_2024,0,0.00036154265,0
img_08213_2024,0,2.0534559e-05,0
img_08216_2024,0,0.004236654,0
img_08217_2024,0,0.017304773,0
img_08221_2024,0,0.00038892924,0
img_08215_2024,0,0.26170143,1
img_08219_2024,0,0.001014424,0
img_08223_2024,0,0.00010198885,0
img_08226_2024,0,0.00031614624,0
img_08227_2024,0,0.3105541,1
img_08222_2024,0,8.937275e-06,0
img_08228_2024,0,0.00031051695,0
img_08131_p01_2024,0,0.008715343,0
img_08131_p02_2024,0,0.0028656458,0
img_08131_p03_2024,0,1.2979307e-06,0
img_08131_p04_2024,0,0.00407857,0
img_08131_p05_2024,0,4.846313e-06,0
img_08131_p06_2024,0,1.831276e-07,0
img_08225_2024,0,0.00017282895,0
img_08224_2024,0,1.6396411e-06,0
img_08231_2024,0,0.031650398,0
img_08229_2024,0,0.14163543,0
img_08220_2024,0,0.00094187714,0
img_08233_2024,0,0.008052762,0
img_08234_2024,0,0.04351512,0
img_08237_2024,0,0.0009670501,0
img_08239_2024,0,8.788692e-05,0
img_08241_2024,0,1.0122362e-06,0
img_08235_2024,0,0.0030367782,0
img_08236_2024,0,4.315909e-05,0
img_08238_2024,0,0.02531694,0
img_08242_2024,0,1.7080854e-05,0
img_08240_2024,0,4.3862296e-06,0
img_08123_p01_2024,0,0.23522303,1
img_08123_p02_2024,0,5.0079405e-05,0
img_08123_p03_2024,0,2.8617706e-05,0
img_08123_p04_2024,0,0.076447755,0
img_08123_p05_2024,0,0.0016113912,0
img_08123_p06_2024,0,0.0018457376,0
img_08123_p07_2024,0,2.9876843e-05,0
img_08243_2024,0,1.1195854e-05,0
img_08246_2024,0,0.00019814982,0
img_08249_2024,0,1.7966104e-05,0
img_08244_2024,0,0.37336797,1
img_08252_2024,0,0.00058908726,0
img_08254_2024,0,3.4256467e-05,0
img_08251_2024,0,0.00276877,0
img_08232_p01_2024,0,8.373308e-07,0
img_08232_p02_2024,0,3.1228552e-05,0
img_08250_2024,0,0.9291667,1
img_08255_2024,0,0.00026691827,0
img_08181_p01_2024,0,1.2238166e-05,0
img_08181_p02_2024,0,0.0002617722,0
img_08181_p03_2024,0,0.003958506,0
img_08181_p04_2024,0,0.00033673365,0
img_08181_p05_2024,0,0.0029937853,0
img_08253_2024,0,0.010350392,0
img_08258_2024,0,0.0037657465,0
img_08248_2024,0,0.0080780005,0
img_08259_2024,0,1.44684855e-05,0
img_08260_2024,0,0.0002810712,0
img_08263_2024,0,0.00015801513,0
img_08230_p01_2024,0,0.00025659436,0
img_08230_p02_2024,0,0.0014104618,0
img_08262_2024,0,0.23966257,1
img_08261_2024,0,6.477615e-05,0
img_08264_2024,0,8.77654e-05,0
img_08265_2024,0,4.2896236e-06,0
img_08247_p01_2024,0,0.00046916254,0
img_08247_p02_2024,0,0.0018078422,0
img_08266_2024,0,0.00031043848,0
img_08267_2024,0,0.00011205381,0
img_08269_2024,0,6.260271e-05,0
img_08268_2024,0,0.00013169619,0
img_08270_2024,0,0.00036444777,0
img_08245_p01_2024,0,0.0020482293,0
img_08245_p02_2024,0,0.010367682,0
img_08273_2024,0,0.00021068107,0
img_08271_2024,0,0.123525776,0
img_08275_2024,0,0.16944544,0
img_08274_2024,0,0.00054976525,0
img_08272_2024,0,1.7631202e-05,0
img_08276_2024,0,2.0378777e-06,0
img_08278_2024,0,2.7460404e-05,0
img_08281_2024,0,0.23365554,1
img_08277_2024,0,0.009406371,0
img_08256_p01_2024,0,5.299954e-06,0
img_08256_p02_2024,0,5.276835e-06,0
img_08279_2024,0,0.0004324072,0
img_08280_2024,0,3.426091e-05,0
img_08257_p01_2024,0,0.00017341215,0
img_08257_p02_2024,0,0.001224066,0
img_08285_2024,0,0.00032566302,0
img_08286_2024,0,6.1399434e-05,0
img_08290_2024,0,0.002704355,0
img_08283_2024,0,0.008889969,0
img_08284_2024,0,0.0020260313,0
img_08288_2024,0,5.096234e-05,0
img_08289_2024,0,0.0007113188,0
img_08292_2024,0,6.296595e-05,0
img_08293_2024,0,4.7731623e-06,0
img_08295_2024,0,1.2471295e-05,0
img_08297_2024,0,0.00026035146,0
img_08296_2024,0,0.0001088912,0
img_08298_2024,0,0.00042288747,0
img_08291_2024,0,0.0011255655,0
img_08294_2024,0,0.003367107,0
img_08301_2024,0,0.00041748307,0
img_08302_2024,0,3.647513e-05,0
img_08299_2024,0,1.1588263e-05,0
img_08282_p01_2024,0,0.0001839741,0
img_08282_p02_2024,0,0.00071944966,0
img_08303_2024,0,6.132383e-05,0
img_08304_2024,0,8.2609185e-05,0
img_08188_p01_2024,0,1.1746293e-05,0
img_08188_p02_2024,0,9.1998226e-07,0
img_08188_p03_2024,0,5.971427e-06,0
img_08188_p04_2024,0,6.352891e-07,0
img_08188_p05_2024,0,2.7428455e-06,0
img_08188_p06_2024,0,3.8728226e-06,0
img_08188_p07_2024,0,1.7454203e-06,0
img_08188_p08_2024,0,8.111254e-06,0
img_08305_2024,0,2.2158145e-05,0
img_08309_2024,0,0.00017232046,0
img_08300_2024,0,0.0001677354,0
img_08310_2024,0,0.0005711036,0
img_08311_2024,0,1.4917042e-05,0
img_08306_2024,0,3.448078e-05,0
img_08314_2024,0,0.00014950572,0
img_08313_2024,0,1.32897e-06,0
img_08316_2024,0,0.009361735,0
img_08307_2024,0,0.05962793,0
img_08317_2024,0,6.1551477e-06,0
img_08318_2024,0,0.010541414,0
img_08322_2024,0,0.000104927094,0
img_08324_2024,0,0.0001417317,0
img_08325_2024,0,0.9099085,1
img_08323_2024,0,0.0015723581,0
img_08321_2024,0,0.0009869523,0
img_08329_2024,0,9.007246e-05,0
img_08330_2024,0,0.0006622536,0
img_08331_2024,0,0.00017615694,0
img_08328_2024,0,0.0009629889,0
img_08308_p01_2024,0,0.00013581834,0
img_08308_p02_2024,0,0.00023327794,0
img_08332_2024,0,0.00064317207,0
img_08326_2024,0,9.017559e-05,0
img_08327_2024,0,2.643936e-05,0
img_08334_2024,0,0.0003933027,0
img_08019_p01_2024,0,4.4994064e-05,0
img_08019_p02_2024,0,1.48538575e-05,0
img_08019_p03_2024,0,3.263211e-05,0
img_08019_p04_2024,0,1.427107e-06,0
img_08019_p05_2024,0,7.243945e-07,0
img_08019_p06_2024,0,0.036405694,0
img_08019_p07_2024,0,0.01119776,0
img_08019_p08_2024,0,0.0035663617,0
img_08019_p09_2024,0,5.9637723e-06,0
img_08019_p10_2024,0,8.78711e-07,0
img_08019_p11_2024,0,1.1974479e-06,0
img_08019_p12_2024,0,0.0008567231,0
img_08019_p13_2024,0,0.0009734177,0
img_08019_p14_2024,0,0.1102289,0
img_08019_p15_2024,0,0.014273028,0
img_08019_p16_2024,0,0.004914095,0
img_08019_p17_2024,0,3.2975095e-05,0
img_08336_2024,0,7.6023143e-06,0
img_08342_2024,0,0.00061843515,0
img_08337_2024,0,0.0013962454,0
img_08320_p01_2024,0,0.0008420539,0
img_08320_p02_2024,0,0.0010939847,0
img_08341_2024,0,7.069183e-05,0
img_08343_2024,0,0.0011641125,0
img_08344_2024,0,5.812142e-05,0
img_08346_2024,0,0.020983431,0
img_08340_2024,0,0.010838592,0
img_08345_2024,0,0.00027616948,0
img_08339_2024,0,0.0007406019,0
img_08338_2024,0,0.0038305616,0
img_08347_2024,0,2.2465917e-06,0
img_08350_2024,0,0.000104211445,0
img_08319_p01_2024,0,5.216325e-05,0
img_08319_p02_2024,0,4.8229325e-05,0
img_08333_p01_2024,0,4.2138504e-06,0
img_08333_p02_2024,0,8.0888685e-07,0
img_08355_2024,0,0.0050535044,0
img_08353_2024,0,6.173261e-05,0
img_08348_2024,0,0.0001970822,0
img_08354_2024,0,0.012861296,0
img_08358_2024,0,0.005295117,0
img_08360_2024,0,0.00050771446,0
img_08364_2024,0,0.0003823878,0
img_08361_2024,0,0.05046557,0
img_08357_2024,0,2.1688004e-06,0
img_08363_2024,0,0.00072534813,0
img_08351_2024,0,0.40704694,1
img_08367_2024,0,8.583089e-05,0
img_08365_2024,0,1.5588255e-06,0
img_08368_2024,0,1.487417e-05,0
img_08312_p01_2024,0,0.00026288218,0
img_08312_p02_2024,0,0.0008256276,0
img_08312_p03_2024,0,9.003253e-05,0
img_08312_p04_2024,0,0.00036639493,0
img_08372_2024,0,2.920008e-06,0
img_08370_2024,0,0.0034584715,0
img_08356_2024,0,8.730686e-06,0
img_08371_2024,0,0.08085251,0
img_08373_2024,0,5.2683114e-05,0
img_08362_2024,0,0.0045553544,0
img_08376_2024,0,4.6568957e-06,0
img_08369_2024,0,0.00065970514,0
img_08375_2024,0,0.00065290707,0
img_08379_2024,0,7.9678e-06,0
img_08377_2024,0,8.739316e-06,0
img_08374_2024,0,2.1698103e-05,0
img_08383_2024,0,7.0404167e-07,0
img_08385_2024,0,0.0001925322,0
img_08380_2024,0,1.1035174e-06,0
img_08382_2024,0,0.064574175,0
img_08378_2024,0,1.2357805e-05,0
img_08359_p01_2024,0,1.2474161e-05,0
img_08359_p02_2024,0,7.9132384e-05,0
img_08352_2024,0,0.04938077,0
img_08381_2024,0,9.93297e-05,0
img_08177_p01_2024,0,7.8628036e-05,0
img_08177_p02_2024,0,0.00023574372,0
img_08177_p03_2024,0,5.9840542e-05,0
img_08177_p04_2024,0,0.0029086538,0
img_08177_p05_2024,0,6.7909925e-05,0
img_08177_p06_2024,0,1.2780402e-05,0
img_08177_p07_2024,0,7.862778e-06,0
img_08177_p08_2024,0,0.0007022584,0
img_08177_p09_2024,0,0.0077569787,0
img_08177_p10_2024,0,1.8495872e-05,0
img_08177_p11_2024,0,1.2990617e-05,0
img_08177_p12_2024,0,1.6585429e-05,0
img_08384_2024,0,0.0771952,0
img_08386_2024,0,0.00039277555,0
img_08388_2024,0,0.0029810837,0
img_08389_2024,0,4.9271446e-05,0
img_08390_2024,0,0.03382082,0
img_08395_2024,0,0.00016999766,0
img_08393_2024,0,0.082981616,0
img_08394_2024,0,0.9978376,1
img_08392_2024,0,0.0029005143,0
img_08391_2024,0,0.0001331766,0
img_08398_2024,0,0.0015818909,0
img_08349_p01_2024,0,2.126255e-05,0
img_08349_p02_2024,0,1.4449954e-05,0
img_08349_p03_2024,0,7.418935e-05,0
img_08349_p04_2024,0,2.0161442e-06,0
img_08402_2024,0,0.14520536,0
img_08403_2024,0,6.476422e-05,0
img_08397_2024,0,6.743458e-05,0
img_08400_2024,0,7.545616e-05,0
img_08387_2024,0,0.0004457012,0
img_08407_2024,0,3.402261e-05,0
img_08404_2024,0,0.0026441603,0
img_08405_2024,0,0.00094543886,0
img_08406_2024,0,7.157678e-05,0
img_08410_2024,0,0.020340899,0
img_08411_2024,0,8.417035e-05,0
img_08414_2024,0,0.00039307185,0
img_08413_2024,0,0.00014562285,0
img_08416_2024,0,0.0003238833,0
img_08399_p01_2024,0,1.6787112e-06,0
img_08399_p02_2024,0,0.0034042639,0
img_08418_2024,0,0.00010932996,0
img_08415_2024,0,0.00021544143,0
img_08419_2024,0,0.00080795045,0
img_08396_p01_2024,0,0.0005099066,0
img_08396_p02_2024,0,0.00014220807,0
img_08421_2024,0,0.005471685,0
img_08417_2024,0,0.00032788236,0
img_08423_2024,0,0.0001340345,0
img_08426_2024,0,9.391563e-05,0
img_08428_2024,0,0.0007282218,0
img_08422_2024,0,0.0003282533,0
img_08420_2024,0,8.4916246e-05,0
img_08425_2024,0,0.001529104,0
img_08424_2024,0,0.00094623683,0
img_08429_2024,0,0.0007637809,0
img_08430_2024,0,0.01935171,0
img_08431_2024,0,0.0007652296,0
img_08427_2024,0,0.0005779364,0
img_08433_2024,0,0.00050790544,0
img_08432_2024,0,0.3842337,1
img_08437_2024,0,0.0011805743,0
img_08438_2024,0,1.6200493e-05,0
img_08435_2024,0,0.0112365745,0
img_08335_p01_2024,0,2.7030865e-05,0
img_08335_p02_2024,0,0.0026928843,0
img_08335_p03_2024,0,1.5288006e-06,0
img_08335_p04_2024,0,9.060986e-06,0
img_08335_p05_2024,0,0.009052762,0
img_08335_p06_2024,0,1.3323113e-06,0
img_08441_2024,0,0.003847219,0
img_08434_2024,0,0.015838513,0
img_08436_2024,0,0.027927974,0
img_08442_2024,0,0.0013191974,0
img_08443_2024,0,0.0059871026,0
img_08439_2024,0,0.025217012,0
img_08408_p01_2024,0,8.0747275e-05,0
img_08408_p02_2024,0,0.0004901105,0
img_08445_2024,0,1.5881835e-05,0
img_08440_2024,0,0.00015132116,0
img_08447_2024,0,0.00062984775,0
img_08450_2024,0,0.00045378506,0
img_08446_2024,0,0.96468896,1
img_08452_2024,0,0.0025600744,0
img_08453_2024,0,0.0075068395,0
img_08449_2024,0,0.00069926586,0
img_08454_2024,0,0.010308067,0
img_08456_2024,0,0.0006971379,0
img_08459_2024,0,0.00016746741,0
img_08458_2024,0,0.00064006285,0
img_08457_2024,0,0.0012809632,0
img_08451_2024,0,0.00018306558,0
img_08460_2024,0,0.00020969407,0
img_08409_p01_2024,0,8.171289e-05,0
img_08409_p02_2024,0,1.0151102e-05,0
img_08409_p03_2024,0,0.00010433413,0
img_08409_p04_2024,0,2.7131715e-05,0
img_08465_2024,0,6.8853165e-05,0
img_08462_2024,0,0.0007877155,0
img_08464_2024,0,0.00016593796,0
img_08455_2024,0,0.006123919,0
img_08466_2024,0,0.0015384188,0
img_08461_2024,0,5.8264588e-05,0
img_08470_2024,0,7.552483e-05,0
img_08467_2024,0,0.029135887,0
img_08444_p01_2024,0,0.00262043,0
img_08444_p02_2024,0,0.0003190475,0
img_08468_2024,0,0.011157258,0
img_08471_2024,0,0.28971413,1
img_08463_2024,0,9.44184e-05,0
img_08469_2024,0,0.0010606495,0
img_08412_p01_2024,0,1.08018085e-05,0
img_08412_p02_2024,0,0.0009867295,0
img_08412_p03_2024,0,0.0001373807,0
img_08412_p04_2024,0,0.00018565328,0
img_08472_2024,0,0.0005021366,0
img_08475_2024,0,0.9819504,1
img_08478_2024,0,0.005378052,0
img_08476_2024,0,0.0060951235,0
img_08474_2024,0,0.0024299591,0
img_08477_2024,0,0.001615572,0
img_08473_2024,0,0.012658279,0
img_08448_p01_2024,0,0.016298043,0
img_08448_p02_2024,0,6.223141e-05,0
img_08479_2024,0,0.002392893,0
img_08480_2024,0,0.0022139635,0
img_08482_2024,0,2.2415526e-05,0
img_08483_2024,0,1.5281198e-06,0
img_08481_2024,0,0.0004409844,0
img_08487_2024,0,0.000245413,0
img_08485_2024,0,0.00084633904,0
img_08489_2024,0,0.0006180312,0
img_08287_p01_2024,0,3.266851e-05,0
img_08287_p02_2024,0,1.6034874e-05,0
img_08287_p03_2024,0,4.0654897e-05,0
img_08287_p04_2024,0,8.17923e-06,0
img_08287_p05_2024,0,0.00013434223,0
img_08287_p06_2024,0,5.069758e-05,0
img_08287_p07_2024,0,0.0018666683,0
img_08287_p08_2024,0,3.868482e-05,0
img_08287_p09_2024,0,3.038184e-06,0
img_08287_p10_2024,0,5.6331733e-06,0
img_08484_2024,0,0.032690927,0
img_08488_2024,0,6.214341e-05,0
img_08492_2024,0,0.00040949488,0
img_08496_2024,0,8.6068256e-05,0
img_08494_2024,0,0.0073377574,0
img_08497_2024,0,0.010186159,0
img_08490_2024,0,0.95091784,1
img_08493_2024,0,0.0011230182,0
img_08498_2024,0,0.0011493963,0
img_08499_2024,0,0.0021516473,0
img_08495_2024,0,0.0012220371,0
img_08491_2024,0,0.00913859,0
img_08501_2024,0,0.3102886,1
img_08510_2024,0,6.9959846e-05,0
img_08504_2024,0,0.0003533899,0
img_08508_2024,0,0.001461187,0
img_08511_2024,0,0.013669739,0
img_08507_2024,0,0.018294724,0
img_08505_2024,0,0.0010789781,0
img_08512_2024,0,0.005944044,0
img_08509_2024,0,0.006241487,0
img_08506_2024,0,0.20599315,1
img_08514_2024,0,0.00032779612,0
img_08516_2024,0,0.002301093,0
img_08500_2024,0,3.2930973e-05,0
img_08503_2024,0,0.0013240738,0
img_08515_2024,0,4.030723e-05,0
img_08517_2024,0,0.005685457,0
img_08486_p01_2024,0,9.225128e-05,0
img_08486_p02_2024,0,0.0018736512,0
img_08513_2024,0,0.00036940153,0
img_08520_2024,0,0.00013051504,0
img_08518_2024,0,0.00027309684,0
img_08524_2024,0,0.057358745,0
img_08401_p01_2024,0,0.0004720989,0
img_08401_p02_2024,0,2.4344902e-06,0
img_08401_p03_2024,0,2.8359505e-05,0
img_08401_p04_2024,0,0.00091824133,0
img_08401_p05_2024,0,3.1089043e-05,0
img_08401_p06_2024,0,1.784078e-05,0
img_08519_2024,0,0.0011158921,0
img_08525_2024,0,0.0050603775,0
img_08521_2024,0,0.004615753,0
img_08526_2024,0,5.851437e-05,0
img_08529_2024,0,5.3802938e-05,0
img_08523_2024,0,0.00269364,0
img_08528_2024,0,0.0005669895,0
img_08532_2024,0,0.0013198515,0
img_08315_p01_2024,0,1.2788383e-06,0
img_08315_p02_2024,0,1.2117873e-05,0
img_08315_p03_2024,0,1.3057737e-05,0
img_08315_p04_2024,0,0.0013733472,0
img_08315_p05_2024,0,0.0005316363,0
img_08315_p06_2024,0,7.6570095e-06,0
img_08315_p07_2024,0,8.110488e-06,0
img_08315_p08_2024,0,0.00018144214,0
img_08315_p09_2024,0,1.7637358e-05,0
img_08315_p10_2024,0,8.146224e-06,0
img_08535_2024,0,8.191588e-05,0
img_08527_2024,0,0.006637543,0
img_08530_2024,0,0.000959724,0
img_08539_2024,0,0.021891285,0
img_08537_2024,0,1.0927311e-05,0
img_08531_2024,0,0.17585051,0
img_08534_2024,0,0.45095542,1
img_08536_2024,0,7.5074684e-05,0
img_08540_2024,0,0.0019166853,0
img_08542_2024,0,0.06055117,0
img_08544_2024,0,0.1582752,0
img_08543_2024,0,0.005328166,0
img_08547_2024,0,0.00035707955,0
img_08545_2024,0,3.8834405e-05,0
img_08533_2024,0,0.62624264,1
img_08541_2024,0,0.00027719722,0
img_08549_2024,0,0.017937535,0
img_08552_2024,0,4.3035998e-05,0
img_08548_2024,0,0.0041971426,0
img_08546_2024,0,0.0011375216,0
img_08522_p01_2024,0,0.000107058935,0
img_08522_p02_2024,0,0.00011647324,0
img_08560_2024,0,0.00078771217,0
img_08556_2024,0,0.00014273981,0
img_08559_2024,0,0.0006684656,0
img_08551_2024,0,0.00085670315,0
img_08561_2024,0,0.008399663,0
img_08554_2024,0,0.0021053064,0
img_08557_2024,0,0.00025454245,0
img_08564_2024,0,0.00014997247,0
img_08555_2024,0,0.00067467033,0
img_08562_2024,0,0.0029863536,0
img_08550_2024,0,0.006549012,0
img_08565_2024,0,0.0006954144,0
img_08567_2024,0,0.009846695,0
img_08566_2024,0,0.00017987151,0
img_08538_p01_2024,0,0.00038812883,0
img_08538_p02_2024,0,0.0058486797,0
img_08570_2024,0,2.5760713e-05,0
img_08563_2024,0,0.0010411924,0
img_08558_2024,0,0.0077513806,0
img_08574_2024,0,0.013027686,0
img_08572_2024,0,1.8681778e-05,0
img_08575_2024,0,0.00019883248,0
img_08568_2024,0,0.0029103109,0
img_08569_2024,0,0.0021534858,0
img_08502_p01_2024,0,0.0009256838,0
img_08502_p02_2024,0,2.503418e-05,0
img_08502_p03_2024,0,8.713513e-05,0
img_08502_p04_2024,0,0.00020676326,0
img_08553_2024,0,0.0014357092,0
img_08579_2024,0,0.057963613,0
img_08580_2024,0,0.0046598073,0
img_08571_2024,0,0.0076350276,0
img_08586_2024,0,8.641976e-06,0
img_08587_2024,0,0.005515668,0
img_08573_2024,0,2.7095206e-05,0
img_08577_2024,0,0.004921032,0
img_08576_2024,0,0.0039055378,0
img_08578_2024,0,1.1320655e-05,0
img_08590_2024,0,0.075715214,0
img_08588_2024,0,6.1625855e-05,0
img_08582_2024,0,0.7229921,1
img_08583_2024,0,1.0688729e-05,0
img_08589_2024,0,0.0018924131,0
img_08585_2024,0,0.0004976767,0
img_08584_2024,0,0.0012758535,0
img_08593_2024,0,0.0006178628,0
img_08591_2024,0,0.016896376,0
img_08594_2024,0,4.3329383e-06,0
img_08596_2024,0,0.0024400337,0
img_08595_2024,0,0.009474846,0
img_08600_2024,0,2.0830652e-05,0
img_08598_2024,0,0.00030098172,0
img_08599_2024,0,0.00044991678,0
img_08601_2024,0,0.82439125,1
img_08602_2024,0,0.00029822532,0
img_08597_2024,0,0.00015502036,0
img_08608_2024,0,0.00050063763,0
img_08605_2024,0,0.33472636,1
img_08607_2024,0,3.6939506e-05,0
img_08592_2024,0,4.4953835e-05,0
img_08611_2024,0,0.0001703267,0
img_08610_2024,0,3.128859e-05,0
img_08606_2024,0,1.7134334e-05,0
img_08609_2024,0,0.0008668144,0
img_08613_2024,0,8.790747e-07,0
img_08614_2024,0,8.731545e-05,0
img_08616_2024,0,0.0047326954,0
img_08612_2024,0,0.00070573675,0
img_08619_2024,0,0.04343692,0
img_08617_2024,0,0.00015325112,0
img_08621_2024,0,9.8002536e-05,0
img_08618_2024,0,0.007297156,0
img_08620_2024,0,0.00058663567,0
img_08615_2024,0,0.00010153597,0
img_08622_2024,0,0.0013212017,0
img_08623_2024,0,0.0022240872,0
img_08624_2024,0,0.00021359,0
img_08625_2024,0,8.3086044e-05,0
img_08628_2024,0,0.1685755,0
img_08629_2024,0,0.35322556,1
img_08634_2024,0,0.0004144933,0
img_08627_2024,0,0.00019981123,0
img_08631_2024,0,2.9832487e-05,0
img_08638_2024,0,2.4531826e-05,0
img_08630_2024,0,0.0011260771,0
img_08641_2024,0,0.00014041919,0
img_08642_2024,0,4.9923052e-05,0
img_08632_2024,0,0.004164711,0
img_08637_2024,0,4.402003e-05,0
img_08636_2024,0,0.0012746425,0
img_08643_2024,0,0.0018028917,0
img_08635_2024,0,5.856216e-05,0
img_08640_2024,0,0.0066014533,0
img_08644_2024,0,0.0005503013,0
img_08645_2024,0,0.0020283659,0
img_08646_2024,0,0.97699195,1
img_08650_2024,0,0.0066993525,0
img_08649_2024,0,6.769147e-06,0
img_08648_2024,0,0.0009933553,0
img_08656_2024,0,0.018020216,0
img_08651_2024,0,0.00042353437,0
img_08653_2024,0,0.000389292,0
img_08654_2024,0,1.5988073e-05,0
img_08647_2024,0,0.00010209754,0
img_08655_2024,0,0.0048318533,0
img_08652_2024,0,0.00034524922,0
img_08657_2024,0,0.00020931433,0
img_08603_p01_2024,0,5.4132677e-05,0
img_08603_p02_2024,0,2.5109182e-05,0
img_08660_2024,0,0.0016033783,0
img_08633_p01_2024,0,8.40664e-05,0
img_08633_p02_2024,0,4.6817273e-05,0
img_08665_2024,0,0.0008998973,0
img_08663_2024,0,0.00021376135,0
img_08669_2024,0,0.0003810316,0
img_08666_2024,0,0.00019363589,0
img_08670_2024,0,0.8259384,1
img_08659_2024,0,0.001293705,0
img_08667_2024,0,0.002872834,0
img_08661_2024,0,0.0002932624,0
img_08671_2024,0,0.47634572,1
img_08658_2024,0,0.00022599373,0
img_08639_p01_2024,0,0.00030089018,0
img_08639_p02_2024,0,0.00023098478,0
img_08604_p01_2024,0,0.00011029016,0
img_08604_p02_2024,0,6.347817e-05,0
img_08604_p03_2024,0,0.00011997723,0
img_08604_p04_2024,0,4.254709e-05,0
img_08673_2024,0,0.00085528346,0
img_08672_2024,0,0.0018641195,0
img_08664_2024,0,3.116459e-05,0
img_08674_2024,0,0.0030924235,0
img_08662_2024,0,0.033852495,0
img_08668_2024,0,2.0219446e-05,0
img_08678_2024,0,5.3941926e-06,0
img_08680_2024,0,0.0010645883,0
img_08682_2024,0,0.030191276,0
img_08677_2024,0,0.00025009803,0
img_08679_2024,0,0.0005177095,0
img_08683_2024,0,3.1396252e-05,0
img_08675_2024,0,0.00020373017,0
img_08686_2024,0,0.00060166843,0
img_08684_2024,0,0.13772584,0
img_08691_2024,0,0.0006837626,0
img_08689_2024,0,0.00037103245,0
img_08692_2024,0,8.455925e-05,0
img_08687_2024,0,6.718662e-05,0
img_08688_2024,0,0.0001648825,0
img_08690_2024,0,0.04097633,0
img_08695_2024,0,0.21437892,1
img_08696_2024,0,2.0546802e-05,0
img_08698_2024,0,0.0013518223,0
img_08699_2024,0,0.00020500887,0
img_08697_2024,0,0.0017486871,0
img_08702_2024,0,0.00024367086,0
img_08694_2024,0,0.00019347809,0
img_08693_2024,0,0.005189516,0
img_08707_2024,0,0.04705152,0
img_08700_2024,0,1.2099131e-05,0
img_08704_2024,0,0.00014167184,0
img_08706_2024,0,0.040654823,0
img_08703_2024,0,0.21291272,1
img_08705_2024,0,0.0040226155,0
img_08681_p01_2024,0,0.008738525,0
img_08681_p02_2024,0,0.0022862724,0
img_08710_2024,0,0.00018778148,0
img_08709_2024,0,1.597166e-05,0
img_08711_2024,0,0.018088423,0
img_08626_p01_2024,0,0.00017355125,0
img_08626_p02_2024,0,4.026704e-05,0
img_08626_p03_2024,0,1.1003902e-05,0
img_08626_p04_2024,0,0.00026138488,0
img_08685_p01_2024,0,0.00064981554,0
img_08685_p02_2024,0,0.011360204,0
img_08712_2024,0,0.0007259415,0
img_08713_2024,0,0.0024900034,0
img_08715_2024,0,0.0003849097,0
img_08708_2024,0,0.007858837,0
img_08721_2024,0,0.008980547,0
img_08717_2024,0,0.0011344549,0
img_08720_2024,0,0.91100484,1
img_08718_2024,0,0.0017892137,0
img_08722_2024,0,0.000657108,0
img_08723_2024,0,5.723359e-05,0
img_08714_2024,0,0.0008332208,0
img_08726_2024,0,9.713078e-05,0
img_08724_2024,0,0.00012798842,0
img_08729_2024,0,0.00076663826,0
img_08719_2024,0,3.394548e-05,0
img_08728_2024,0,0.14034218,0
img_08727_2024,0,0.002794879,0
img_08725_2024,0,0.00025314116,0
img_08733_2024,0,0.0027570033,0
img_08734_2024,0,0.29623383,1
img_08731_2024,0,4.5113935e-05,0
img_08732_2024,0,6.0293234e-05,0
img_08736_2024,0,0.00018025628,0
img_08738_2024,0,0.01857925,0
img_08581_p01_2024,0,0.0003571456,0
img_08581_p02_2024,0,0.0025019906,0
img_08581_p03_2024,0,0.002504577,0
img_08581_p04_2024,0,0.016105315,0
img_08581_p05_2024,0,0.0008269062,0
img_08581_p06_2024,0,0.0011833587,0
img_08676_p01_2024,0,3.727757e-05,0
img_08676_p02_2024,0,0.00016037721,0
img_08676_p03_2024,0,7.7531455e-05,0
img_08676_p04_2024,0,1.663225e-05,0
img_08730_2024,0,0.00032509907,0
img_08735_2024,0,0.00016197769,0
img_08743_2024,0,0.0007406305,0
img_08739_2024,0,0.34208483,1
img_08744_2024,0,0.00047013286,0
img_08741_2024,0,0.00019147841,0
img_08740_2024,0,0.004870897,0
img_08746_2024,0,0.00075082364,0
img_08748_2024,0,0.0004933707,0
img_08754_2024,0,0.0006074802,0
img_08747_2024,0,0.0025986603,0
img_08750_2024,0,0.0004985905,0
img_08752_2024,0,0.00046665853,0
img_08753_2024,0,0.00014166548,0
img_08755_2024,0,0.00046706793,0
img_08757_2024,0,0.5768416,1
img_08742_2024,0,4.8868544e-05,0
img_08751_2024,0,0.04468553,0
img_08749_2024,0,0.29026115,1
img_08701_p01_2024,0,0.0035469534,0
img_08701_p02_2024,0,0.15395002,0
img_08701_p03_2024,0,0.003226155,0
img_08701_p04_2024,0,6.740873e-05,0
img_08756_2024,0,9.020922e-05,0
img_08759_2024,0,0.0006149767,0
img_08758_2024,0,0.0017583384,0
img_08760_2024,0,0.0005557124,0
img_08767_2024,0,0.0026476535,0
img_08761_2024,0,0.009687228,0
img_08762_2024,0,0.00010257033,0
img_08765_2024,0,0.00040751873,0
img_08773_2024,0,0.005871431,0
img_08745_p01_2024,0,0.0011028774,0
img_08745_p02_2024,0,0.00073003845,0
img_08768_2024,0,0.011402606,0
img_08769_2024,0,0.05199945,0
img_08766_2024,0,0.0014896515,0
img_08771_2024,0,0.0010459188,0
img_08737_p01_2024,0,0.035416253,0
img_08737_p02_2024,0,0.0063787512,0
img_08763_2024,0,0.008412759,0
img_08778_2024,0,0.12542784,0
img_08776_2024,0,0.0040165335,0
img_08772_2024,0,0.005603257,0
img_08779_2024,0,0.0022936533,0
img_08777_2024,0,0.0047995015,0
img_08770_2024,0,0.0038341442,0
img_08774_2024,0,0.0002217394,0
img_08775_2024,0,0.0006552712,0
img_08781_2024,0,8.129482e-05,0
img_08764_2024,0,0.0015130233,0
img_08785_2024,0,0.00028735062,0
img_08782_2024,0,0.0007731064,0
img_08784_2024,0,0.014246727,0
img_08783_2024,0,0.00065570005,0
img_08780_2024,0,3.355117e-05,0
img_08786_2024,0,0.0006726243,0
img_08790_2024,0,9.697308e-05,0
img_08791_2024,0,0.00038827112,0
img_08787_2024,0,0.0003202494,0
img_08794_2024,0,7.57199e-05,0
img_08789_2024,0,0.0055762036,0
img_08792_2024,0,0.0059926705,0
img_08798_2024,0,0.0091457525,0
img_08795_2024,0,0.001574628,0
img_08799_2024,0,0.0005106258,0
img_08801_2024,0,0.0009998679,0
img_08797_2024,0,0.0073283124,0
img_08793_2024,0,0.004634102,0
img_08803_2024,0,0.00012079849,0
img_08796_2024,0,0.027486753,0
img_08805_2024,0,0.002335916,0
img_08804_2024,0,7.103857e-05,0
img_08800_2024,0,0.004361407,0
img_08716_p01_2024,0,0.00077376346,0
img_08716_p02_2024,0,0.00033102356,0
img_08716_p03_2024,0,0.00013055699,0
img_08716_p04_2024,0,0.002146846,0
img_08806_2024,0,0.0020824752,0
img_08802_2024,0,0.0026317541,0
img_08810_2024,0,9.448163e-05,0
img_08812_2024,0,0.000102735656,0
img_08808_2024,0,0.35094574,1
img_08809_2024,0,0.0023443052,0
img_08818_2024,0,3.134411e-05,0
img_08814_2024,0,0.44461802,1
img_08815_2024,0,0.0070367465,0
img_08817_2024,0,0.00082154165,0
img_08811_2024,0,0.87248033,1
img_08821_2024,0,0.00030030013,0
img_08807_2024,0,0.008981629,0
img_08819_2024,0,2.2903969e-05,0
img_08813_2024,0,6.5554595e-05,0
img_08820_2024,0,0.0020915333,0
img_08822_2024,0,0.012936768,0
img_08823_2024,0,1.1218235e-05,0
img_08825_2024,0,0.0005910644,0
img_08816_2024,0,0.0013729223,0
img_08824_2024,0,0.0017046802,0
img_08827_2024,0,0.001114089,0
img_08829_2024,0,0.0017298202,0
img_08826_2024,0,0.01292383,0
img_08828_2024,0,0.00020531891,0
img_08841_2024,0,0.0038138144,0
img_08835_2024,0,0.3492876,1
img_08833_2024,0,0.0072747585,0
img_08839_2024,0,0.94177276,1
img_08837_2024,0,0.005575368,0
img_08845_2024,0,0.00448198,0
img_08846_2024,0,0.00037813146,0
img_08842_2024,0,0.7285984,1
img_08840_2024,0,0.00076294184,0
img_08831_2024,0,0.00040429513,0
img_08847_2024,0,0.21069425,1
img_08836_2024,0,0.013521923,0
img_08832_2024,0,0.6316344,1
img_08843_2024,0,0.0010348053,0
img_08844_2024,0,0.12248203,0
img_08834_2024,0,0.00016450247,0
img_08848_2024,0,0.00068161625,0
img_08852_2024,0,4.2005253e-05,0
img_08853_2024,0,0.9902102,1
img_08850_2024,0,0.0013658128,0
img_08849_2024,0,0.00082372513,0
img_08851_2024,0,0.00023378985,0
img_08857_2024,0,0.0010596289,0
img_08854_2024,0,0.0012276267,0
img_08860_2024,0,0.0042886175,0
img_08859_2024,0,0.022179492,0
img_08856_2024,0,5.1951574e-05,0
img_08855_2024,0,1.8312987e-05,0
img_08861_2024,0,7.722081e-05,0
img_08830_p01_2024,0,0.0007482312,0
img_08830_p02_2024,0,0.00047176465,0
img_08866_2024,0,0.67692906,1
img_08864_2024,0,0.00022870219,0
img_08865_2024,0,0.03864386,0
img_08858_2024,0,0.00017956564,0
img_08871_2024,0,0.0011795661,0
img_08868_2024,0,0.8014516,1
img_08863_2024,0,0.017608538,0
img_08867_2024,0,0.72028047,1
img_08872_2024,0,0.00079938135,0
img_08873_2024,0,0.00031035003,0
img_08875_2024,0,0.023961361,0
img_08862_2024,0,0.902438,1
img_08874_2024,0,0.0070921723,0
img_08876_2024,0,0.056296155,0
img_08869_2024,0,0.032952007,0
img_08879_2024,0,0.0005762854,0
img_08880_2024,0,0.0060849437,0
img_08788_p01_2024,0,0.008030802,0
img_08788_p02_2024,0,0.06918048,0
img_08788_p03_2024,0,0.3896827,1
img_08788_p04_2024,0,0.015489884,0
img_08878_2024,0,0.581079,1
img_08877_2024,0,0.077586696,0
img_08885_2024,0,0.00045378937,0
img_08882_2024,0,0.00096001936,0
img_08883_2024,0,0.00020327169,0
img_08894_2024,0,0.0009499739,0
img_08886_2024,0,0.0007008537,0
img_08881_2024,0,0.040022004,0
img_08893_2024,0,0.0001243982,0
img_08884_2024,0,0.00010435662,0
img_08888_2024,0,0.025349088,0
img_08895_2024,0,0.052226562,0
img_08889_2024,0,0.0025465435,0
img_08887_2024,0,0.20145047,1
img_08890_2024,0,4.1720523e-06,0
img_08891_2024,0,0.00028962744,0
img_08897_2024,0,1.9898709e-05,0
img_08896_2024,0,0.055049606,0
img_08892_2024,0,0.002558974,0
img_08900_2024,0,0.018454287,0
img_08898_2024,0,2.2383228e-05,0
img_08901_2024,0,0.003303934,0
img_08899_2024,0,0.00024265492,0
img_08902_2024,0,0.017484335,0
img_08903_2024,0,0.006016474,0
img_08905_2024,0,0.00017107558,0
img_08904_2024,0,0.00024598505,0
img_08909_2024,0,0.00521456,0
img_08914_2024,0,0.0001171308,0
img_08910_2024,0,0.00016000328,0
img_08838_p01_2024,0,0.00040569674,0
img_08838_p02_2024,0,0.00047562033,0
img_08838_p03_2024,0,0.0006407538,0
img_08838_p04_2024,0,0.0008385833,0
img_08908_2024,0,0.0004529054,0
img_08906_2024,0,0.011332709,0
img_08918_2024,0,0.00024589407,0
img_08915_2024,0,5.447165e-05,0
img_08913_2024,0,0.0017480179,0
img_08912_2024,0,6.693306e-05,0
img_08907_2024,0,8.602386e-05,0
img_08916_2024,0,3.938185e-05,0
img_08911_2024,0,0.00023544901,0
img_08921_2024,0,0.0019189935,0
img_08926_2024,0,0.1995309,1
img_08924_2024,0,3.845207e-05,0
img_08927_2024,0,0.0007285356,0
img_08928_2024,0,0.0003959838,0
img_08930_2024,0,0.00024065457,0
img_08929_2024,0,0.9983699,1
img_08923_2024,0,3.863221e-05,0
img_08925_2024,0,0.96489954,1
img_08870_p01_2024,0,0.0044865184,0
img_08870_p02_2024,0,0.05776598,0
img_08870_p03_2024,0,0.058376566,0
img_08922_2024,0,0.00022733212,0
img_08934_2024,0,0.00079261546,0
img_08920_2024,0,0.00031367264,0
img_08941_2024,0,0.003144214,0
img_08939_2024,0,0.008945866,0
img_08933_2024,0,0.00016762366,0
img_08938_2024,0,0.024833152,0
img_08940_2024,0,0.0024217605,0
img_08937_2024,0,0.016178088,0
img_08936_2024,0,0.00011492045,0
img_08943_2024,0,0.00012057488,0
img_08945_2024,0,3.0440158e-05,0
img_08935_2024,0,0.00028918043,0
img_08942_2024,0,0.0005110886,0
img_08946_2024,0,2.7220478e-05,0
img_08931_2024,0,0.002951371,0
img_08944_2024,0,0.0113146445,0
img_08947_2024,0,0.00036356025,0
img_08948_2024,0,0.68564934,1
img_08919_p01_2024,0,0.0004202658,0
img_08919_p02_2024,0,1.647607e-05,0
img_08949_2024,0,0.00016553071,0
img_08950_2024,0,0.0018889623,0
img_08917_p01_2024,0,0.00015194029,0
img_08917_p02_2024,0,4.4603294e-05,0
img_08954_2024,0,0.999597,1
img_08951_2024,0,0.00011953096,0
img_08953_2024,0,0.95267767,1
img_08952_2024,0,0.00010617616,0
img_08956_2024,0,0.0018294872,0
img_08959_2024,0,0.00052825274,0
img_08958_2024,0,2.7050824e-06,0
img_08957_2024,0,0.0006971582,0
img_08961_2024,0,3.4391982e-05,0
img_08960_2024,0,0.1027892,0
img_08965_2024,0,0.00033838858,0
img_08964_2024,0,0.0009327085,0
img_08955_2024,0,0.0072303433,0
img_08963_2024,0,0.0027063168,0
img_08968_2024,0,8.6939915e-05,0
img_08967_2024,0,0.26902723,1
img_08962_2024,0,0.0023340965,0
img_08969_2024,0,4.139962e-05,0
img_08966_2024,0,0.00014012733,0
img_08971_2024,0,0.00018086936,0
img_08972_2024,0,0.9989581,1
img_08977_2024,0,0.041102946,0
img_08970_2024,0,0.9962768,1
img_08932_p01_2024,0,0.00095897133,0
img_08932_p02_2024,0,0.0053945207,0
img_08978_2024,0,0.00051088474,0
img_08979_2024,0,0.0008961316,0
img_08976_2024,0,0.00012084733,0
img_08981_2024,0,0.001013278,0
img_08980_2024,0,0.00020608224,0
img_08975_2024,0,0.0006390172,0
img_08985_2024,0,0.0108269425,0
img_08983_2024,0,0.00013555802,0
img_08973_2024,0,0.00015512652,0
img_08982_2024,0,0.00066284684,0
img_08991_2024,0,0.0020623372,0
img_08989_2024,0,0.0008037776,0
img_08990_2024,0,0.013805949,0
img_08987_2024,0,0.0011557087,0
img_08997_2024,0,3.976444e-05,0
img_08998_2024,0,0.01498375,0
img_08993_2024,0,0.0009092842,0
img_08999_2024,0,0.0002763441,0
img_09002_2024,0,0.001404742,0
img_08996_2024,0,0.0131699415,0
img_09001_2024,0,0.005352575,0
img_08994_2024,0,0.00073673105,0
img_09000_2024,0,0.011855919,0
img_08984_p01_2024,0,0.99159396,1
img_08984_p02_2024,0,0.9856522,1
img_09006_2024,0,0.0003010179,0
img_09008_2024,0,5.115568e-06,0
img_09004_2024,0,0.012888416,0
img_08974_p01_2024,0,0.000260605,0
img_08974_p02_2024,0,0.0015118892,0
img_08974_p03_2024,0,0.00018368488,0
img_09009_2024,0,0.0048699123,0
img_09012_2024,0,0.0055792984,0
img_09013_2024,0,0.006374712,0
img_09011_2024,0,0.0011352181,0
img_09010_2024,0,3.9265222e-05,0
img_09014_2024,0,9.7999735e-05,0
img_09016_2024,0,0.00080434035,0
img_08988_p01_2024,0,0.0011722372,0
img_08988_p02_2024,0,0.0014705649,0
img_09017_2024,0,0.000845475,0
img_09015_2024,0,0.006788324,0
img_08995_p01_2024,0,0.00040323645,0
img_08995_p02_2024,0,0.0007662851,0
img_09007_2024,0,0.0071497886,0
img_09021_2024,0,0.00016783204,0
img_09020_2024,0,0.13471796,0
img_09024_2024,0,0.00036348336,0
img_09023_2024,0,0.0021203312,0
img_09022_2024,0,0.073124394,0
img_09019_2024,0,9.9113124e-05,0
img_09026_2024,0,0.007437889,0
img_09025_2024,0,0.00020880025,0
img_09003_p01_2024,0,4.447299e-05,0
img_09003_p02_2024,0,0.00023407688,0
img_09028_2024,0,0.000109758024,0
img_09029_2024,0,0.00042023958,0
img_09034_2024,0,0.029946227,0
img_09037_2024,0,0.00020875128,0
img_09032_2024,0,0.002833393,0
img_09035_2024,0,0.0008262308,0
img_09031_2024,0,0.0010806739,0
img_09033_2024,0,6.2211e-05,0
img_09040_2024,0,8.355235e-05,0
img_09030_2024,0,0.00021090679,0
img_09041_2024,0,1.3908112e-05,0
img_09038_2024,0,0.0056191813,0
img_09043_2024,0,0.25028723,1
img_09036_2024,0,5.2775495e-06,0
img_09045_2024,0,0.005016866,0
img_09042_2024,0,0.00012847912,0
img_09039_2024,0,0.014858727,0
img_09046_2024,0,5.7786285e-05,0
img_09047_2024,0,0.0005021723,0
img_09049_2024,0,3.6117744e-05,0
img_09044_2024,0,5.1414507e-05,0
img_09053_2024,0,0.00033136425,0
img_09048_2024,0,0.0020712614,0
img_09054_2024,0,0.0007305368,0
img_09050_2024,0,0.00032313442,0
img_09051_2024,0,1.37410725e-05,0
img_08992_p01_2024,0,0.0051670913,0
img_08992_p02_2024,0,0.0024922618,0
img_08992_p03_2024,0,2.5433226e-05,0
img_08992_p04_2024,0,0.00016048322,0
img_09057_2024,0,0.000170544,0
img_09055_2024,0,0.0011356696,0
img_09052_2024,0,0.00011553818,0
img_09018_p01_2024,0,0.0023427357,0
img_09018_p02_2024,0,0.00079750054,0
img_09018_p03_2024,0,0.00046232232,0
img_09058_2024,0,0.009300729,0
img_09062_2024,0,0.0044338554,0
img_09063_2024,0,0.941323,1
img_09064_2024,0,6.7966066e-06,0
img_09056_2024,0,0.00082616904,0
img_09065_2024,0,0.0041942997,0
img_09069_2024,0,0.0004457456,0
img_09066_2024,0,0.0002699585,0
img_09061_2024,0,0.8848747,1
img_09074_2024,0,0.0005203293,0
img_09068_2024,0,0.0018490974,0
img_09067_2024,0,0.019977855,0
img_09070_2024,0,0.00043702353,0
img_09075_2024,0,0.001881739,0
img_09072_2024,0,0.00038897834,0
img_09076_2024,0,0.020981096,0
img_09071_2024,0,0.87281597,1
img_09079_2024,0,0.77255636,1
img_09081_2024,0,0.32931075,1
img_09080_2024,0,2.3049111e-05,0
img_09082_2024,0,3.910924e-05,0
img_09086_2024,0,0.00078349997,0
img_09084_2024,0,0.00070543314,0
img_09087_2024,0,0.00089423254,0
img_09088_2024,0,0.00024218965,0
img_09094_2024,0,1.688363e-05,0
img_09027_p01_2024,0,0.00041956428,0
img_09027_p02_2024,0,0.00026468743,0
img_09027_p03_2024,0,0.0011091073,0
img_09027_p04_2024,0,0.00078389136,0
img_09092_2024,0,0.009101708,0
img_09089_2024,0,0.0034715333,0
img_09095_2024,0,0.0040745046,0
img_09098_2024,0,0.00023551502,0
img_09090_2024,0,0.00040542264,0
img_09005_p01_2024,0,0.0005590783,0
img_09005_p02_2024,0,0.0012493101,0
img_09005_p03_2024,0,0.00036630713,0
img_09005_p04_2024,0,0.00995082,0
img_09005_p05_2024,0,0.0001870135,0
img_09005_p06_2024,0,0.12204887,0
img_09097_2024,0,1.1834874e-05,0
img_09101_2024,0,0.00018100755,0
img_09102_2024,0,0.0005167225,0
img_09099_2024,0,0.0054191994,0
img_09106_2024,0,0.00025359046,0
img_09105_2024,0,0.00011181482,0
img_09104_2024,0,0.00062001,0
img_09103_2024,0,0.00016522575,0
img_09100_2024,0,0.9039805,1
img_09111_2024,0,0.0005911652,0
img_09091_2024,0,0.017340805,0
img_09109_2024,0,0.0014202617,0
img_09085_2024,0,0.00017453486,0
img_09108_2024,0,0.00074984325,0
img_09059_p01_2024,0,0.010253692,0
img_09059_p02_2024,0,0.7831373,1
img_09113_2024,0,0.00028793365,0
img_09073_p01_2024,0,0.00015172688,0
img_09073_p02_2024,0,1.6242555e-05,0
img_09073_p03_2024,0,8.836052e-06,0
img_09073_p04_2024,0,3.366793e-05,0
img_09114_2024,0,8.287374e-05,0
img_09083_p01_2024,0,0.00023575316,0
img_09083_p02_2024,0,0.023229403,0
img_09118_2024,0,0.0005437697,0
img_09110_2024,0,0.0027897828,0
img_09112_2024,0,0.00016645776,0
img_09107_2024,0,0.013901822,0
img_09120_2024,0,0.0017360373,0
img_09115_2024,0,0.00049219007,0
img_09119_2024,0,0.0012583068,0
img_09116_2024,0,2.9340847e-05,0
img_09121_2024,0,0.0029019115,0
img_08986_p01_2024,0,0.0053007784,0
img_08986_p02_2024,0,0.516633,1
img_08986_p03_2024,0,0.0011173775,0
img_08986_p04_2024,0,0.0022832581,0
img_08986_p05_2024,0,0.0028618919,0
img_08986_p06_2024,0,0.016789472,0
img_09077_2024,0,0.00088258536,0
img_09122_2024,0,0.0010717998,0
img_09096_2024,0,0.00033924356,0
img_09117_2024,0,8.519412e-05,0
img_09125_2024,0,0.023690904,0
img_09124_2024,0,0.00047139812,0
img_09123_2024,0,0.0029417635,0
img_09126_2024,0,0.00047494823,0
img_09132_2024,0,0.00012242181,0
img_09130_2024,0,0.01693462,0
img_09129_2024,0,0.00065920677,0
img_09131_2024,0,0.4959389,1
img_09128_2024,0,7.0210066e-05,0
img_09135_2024,0,0.00016249141,0
img_09133_2024,0,0.0017446139,0
img_09138_2024,0,1.0368029e-05,0
img_09137_2024,0,0.00028974426,0
img_09127_2024,0,0.0042184554,0
img_09142_2024,0,0.051472686,0
img_09141_2024,0,0.001407481,0
img_09140_2024,0,0.00016640934,0
img_09139_2024,0,0.021754177,0
img_09144_2024,0,0.8152752,1
img_09143_2024,0,0.0013725773,0
img_09146_2024,0,0.11736151,0
img_09134_2024,0,0.00019374097,0
img_09145_2024,0,0.0051780962,0
img_09147_2024,0,0.0035090598,0
img_09148_2024,0,0.00019002175,0
img_09150_2024,0,0.036915973,0
img_09149_2024,0,1.5974463e-05,0
img_09154_2024,0,0.006168261,0
img_09153_2024,0,0.00032850157,0
img_09152_2024,0,0.00094777846,0
img_09156_2024,0,4.790516e-05,0
img_09157_2024,0,0.0022545229,0
img_09159_2024,0,0.0045358064,0
img_09158_2024,0,8.585636e-05,0
img_09163_2024,0,2.1653976e-07,0
img_09078_p01_2024,0,0.00021777498,0
img_09078_p02_2024,0,0.00011312581,0
img_09078_p03_2024,0,6.3461404e-05,0
img_09078_p04_2024,0,0.00024237653,0
img_09078_p05_2024,0,0.00016830527,0
img_09078_p06_2024,0,0.0026433305,0
img_09165_2024,0,0.002510507,0
img_09164_2024,0,1.6152915e-05,0
img_09161_2024,0,0.5333618,1
img_09162_2024,0,0.00044184196,0
img_09160_2024,0,0.5868172,1
img_09166_2024,0,0.0005272115,0
img_09093_p01_2024,0,0.00086899556,0
img_09093_p02_2024,0,0.00016594825,0
img_09093_p03_2024,0,2.650055e-05,0
img_09169_2024,0,1.1288843e-06,0
img_09168_2024,0,0.7572822,1
img_09172_2024,0,0.9309642,1
img_09171_2024,0,0.0007360114,0
img_09167_2024,0,4.25477e-05,0
img_09173_2024,0,0.17306541,0
img_09060_p01_2024,0,0.000667511,0
img_09060_p02_2024,0,0.00021007248,0
img_09060_p03_2024,0,0.002911168,0
img_09060_p04_2024,0,0.00022369131,0
img_09060_p05_2024,0,0.00081951264,0
img_09060_p06_2024,0,0.0012732793,0
img_09060_p07_2024,0,0.0015839889,0
img_09060_p08_2024,0,6.0308415e-05,0
img_09170_2024,0,0.019244116,0
img_09176_2024,0,0.00069845736,0
img_09177_2024,0,0.00022003223,0
img_09178_2024,0,0.00048545812,0
img_09174_2024,0,0.001754252,0
img_09179_2024,0,0.00093742536,0
img_09183_2024,0,0.007968951,0
img_09175_2024,0,0.009051744,0
img_09181_2024,0,4.8449398e-05,0
img_09182_2024,0,5.478714e-05,0
img_09184_2024,0,0.004540528,0
img_09187_2024,0,0.0021679592,0
img_09188_2024,0,0.00090786925,0
img_09190_2024,0,0.33501223,1
img_09189_2024,0,0.0001469819,0
img_09194_2024,0,0.17451935,0
img_09155_p01_2024,0,0.00047665695,0
img_09155_p02_2024,0,0.00076051155,0
img_09185_2024,0,0.005216274,0
img_09186_2024,0,0.000310127,0
img_09192_2024,0,0.00024762307,0
img_09191_2024,0,0.0009034072,0
img_09195_2024,0,3.059735e-05,0
img_09198_2024,0,0.17853451,0
img_09197_2024,0,0.00034767875,0
img_09136_p01_2024,0,0.002392826,0
img_09136_p02_2024,0,0.014489627,0
img_09136_p03_2024,0,0.0001772631,0
img_09136_p04_2024,0,0.00023765047,0
img_09199_2024,0,0.6237911,1
img_09196_2024,0,0.00022824778,0
img_09200_2024,0,0.0012061398,0
img_09201_2024,0,0.00037941226,0
img_09203_2024,0,0.00010392217,0
img_09202_2024,0,4.264889e-05,0
img_09204_2024,0,0.039874442,0
img_09207_2024,0,0.00012513605,0
img_09210_2024,0,0.004195987,0
img_09208_2024,0,0.20891264,1
img_09180_p01_2024,0,0.0017340305,0
img_09180_p02_2024,0,0.0010534363,0
img_09209_2024,0,2.8934053e-05,0
img_09212_2024,0,0.010316063,0
img_09206_2024,0,0.0010079185,0
img_09211_2024,0,0.015563688,0
img_09214_2024,0,0.00018690477,0
img_09217_2024,0,0.0009855978,0
img_09216_2024,0,0.7153025,1
img_09221_2024,0,0.003930071,0
img_09215_2024,0,0.009714516,0
img_09222_2024,0,0.00025818383,0
img_09220_2024,0,0.041220915,0
img_09213_2024,0,0.00046288036,0
img_09219_2024,0,5.1856587e-05,0
img_09151_p01_2024,0,0.00011805556,0
img_09151_p02_2024,0,9.154889e-05,0
img_09151_p03_2024,0,0.0022097973,0
img_09151_p04_2024,0,0.00042355093,0
img_09225_2024,0,3.1055997e-06,0
img_09218_2024,0,0.0015385837,0
img_09223_2024,0,1.788231e-05,0
img_09227_2024,0,0.0022434208,0
img_09226_2024,0,8.012835e-06,0
img_09228_2024,0,0.0008901126,0
img_09230_2024,0,1.5836613e-05,0
img_09232_2024,0,0.00021742373,0
img_09231_2024,0,0.038778458,0
img_09234_2024,0,0.99085665,1
img_09233_2024,0,0.003733545,0
img_09241_2024,0,0.0008202826,0
img_09238_2024,0,0.02060748,0
img_09239_2024,0,0.003325826,0
img_09229_2024,0,0.0006111565,0
img_09235_2024,0,3.7179117e-05,0
img_09237_2024,0,0.026908478,0
img_09243_2024,0,0.04864047,0
img_09236_2024,0,0.99920505,1
img_09245_2024,0,0.0002942754,0
img_09246_2024,0,0.0011426754,0
img_09247_2024,0,0.00013201113,0
img_09244_2024,0,0.12889843,0
img_09250_2024,0,0.0026863625,0
img_09249_2024,0,0.0008563534,0
img_09251_2024,0,0.0006517569,0
img_09248_2024,0,0.0055216164,0
img_09254_2024,0,0.00049637695,0
img_09257_2024,0,0.00023390287,0
img_09255_2024,0,0.99587834,1
img_09259_2024,0,0.33279115,1
img_09224_p01_2024,0,0.00015096764,0
img_09224_p02_2024,0,0.11337138,0
img_09253_2024,0,9.0915724e-05,0
img_09256_2024,0,0.00063723524,0
img_09260_2024,0,7.233293e-05,0
img_09252_2024,0,3.2012293e-05,0
img_09261_2024,0,0.0005860427,0
img_09262_2024,0,0.035817754,0
img_09263_2024,0,0.00035306546,0
img_09266_2024,0,0.009626222,0
img_09265_2024,0,7.532539e-05,0
img_09242_p01_2024,0,0.001328765,0
img_09242_p02_2024,0,0.0009133766,0
img_09272_2024,0,6.071911e-05,0
img_09275_2024,0,0.00079537515,0
img_09274_2024,0,0.0010697952,0
img_09267_2024,0,0.00023326527,0
img_09269_2024,0,0.0008033859,0
img_09271_2024,0,0.0039274003,0
img_09276_2024,0,0.00024553423,0
img_09273_2024,0,0.00017750447,0
img_09268_2024,0,0.00040262492,0
img_09277_2024,0,2.1471772e-06,0
img_09278_2024,0,0.008458035,0
img_09279_2024,0,0.0006976447,0
img_09240_p01_2024,0,0.39814666,1
img_09240_p02_2024,0,0.06234845,0
img_09280_2024,0,5.5683788e-05,0
img_09284_2024,0,0.003391836,0
img_09288_2024,0,0.0001468771,0
img_09285_2024,0,0.0009484596,0
img_09287_2024,0,0.21614009,1
img_09286_2024,0,0.004960355,0
img_09258_p01_2024,0,0.0006147508,0
img_09258_p02_2024,0,0.0025224835,0
img_09289_2024,0,0.0011915852,0
img_09281_2024,0,0.0001786167,0
img_09270_2024,0,0.00592648,0
img_09282_2024,0,2.954227e-05,0
img_09290_2024,0,0.0018393559,0
img_09292_2024,0,0.19170618,0
img_09291_2024,0,0.0029133111,0
img_09293_2024,0,0.19168995,0
img_09283_2024,0,0.0033992978,0
img_09294_2024,0,0.00012385598,0
img_09295_2024,0,2.0551526e-05,0
img_09298_2024,0,0.08906567,0
img_09297_2024,0,0.0049756696,0
img_09302_2024,0,0.00013418809,0
img_09296_2024,0,0.0034835797,0
img_09303_2024,0,0.061604843,0
img_09299_2024,0,0.001820832,0
img_09304_2024,0,0.017154377,0
img_09309_2024,0,0.0021363879,0
img_09305_2024,0,0.004995712,0
img_09307_2024,0,0.0026081323,0
img_09306_2024,0,0.003977006,0
img_09310_2024,0,1.1881297e-05,0
img_09308_2024,0,0.011783049,0
img_09311_2024,0,0.00013804187,0
img_09300_2024,0,0.001106312,0
img_09313_2024,0,0.0073663485,0
img_09317_2024,0,0.0004733223,0
img_09314_2024,0,8.3761435e-05,0
img_09301_2024,0,0.00021944351,0
img_09320_2024,0,0.00085376535,0
img_09315_2024,0,0.00082428375,0
img_09316_2024,0,0.00062385906,0
img_09323_2024,0,0.004445116,0
img_09264_p01_2024,0,0.0012349949,0
img_09264_p02_2024,0,4.8235765e-05,0
img_09264_p03_2024,0,0.024464179,0
img_09264_p04_2024,0,0.039609045,0
img_09322_2024,0,8.016273e-05,0
img_09312_2024,0,0.0009918857,0
img_09328_2024,0,0.0005421227,0
img_09319_2024,0,0.0004889544,0
img_09318_2024,0,0.00018773475,0
img_09333_2024,0,5.469469e-05,0
img_09330_2024,0,0.0020840862,0
img_09321_2024,0,0.0053480705,0
img_09332_2024,0,0.0056743966,0
img_09331_2024,0,0.00093223405,0
img_09329_2024,0,0.0071915234,0
img_09338_2024,0,0.00037635848,0
img_09326_2024,0,0.009076889,0
img_09337_2024,0,0.0011172657,0
img_09335_2024,0,0.9972128,1
img_09340_2024,0,0.00013692598,0
img_09341_2024,0,0.00066385133,0
img_09345_2024,0,3.6089994e-05,0
img_09336_2024,0,0.00010063787,0
img_09342_2024,0,0.00010484348,0
img_09346_2024,0,0.00010191331,0
img_09339_2024,0,0.0004219468,0
img_09205_p01_2024,0,0.11796019,0
img_09205_p02_2024,0,0.0038017177,0
img_09205_p03_2024,0,0.00024615397,0
img_09205_p04_2024,0,0.019827675,0
img_09205_p05_2024,0,0.011135206,0
img_09205_p06_2024,0,4.2334646e-05,0
img_09348_2024,0,0.00038226257,0
img_09349_2024,0,0.0017909696,0
img_09347_2024,0,0.00072066736,0
img_09343_2024,0,0.00017770565,0
img_09344_2024,0,0.0004047756,0
img_09351_2024,0,0.004452398,0
img_09324_p01_2024,0,9.986789e-06,0
img_09324_p02_2024,0,5.4239877e-06,0
img_09334_p01_2024,0,0.000116771604,0
img_09334_p02_2024,0,0.00019970762,0
img_09357_2024,0,0.00018208356,0
img_09350_2024,0,0.0013210897,0
img_09353_2024,0,0.00020668816,0
img_09355_2024,0,0.0006469005,0
img_09362_2024,0,0.06826706,0
img_09358_2024,0,0.0031250403,0
img_09352_2024,0,0.0009838158,0
img_09354_2024,0,0.0022574875,0
img_09327_p01_2024,0,0.00018969498,0
img_09327_p02_2024,0,8.37596e-05,0
img_09359_2024,0,0.00027859324,0
img_09360_2024,0,0.0017286456,0
img_09361_2024,0,0.00027824735,0
img_09356_2024,0,0.0012018048,0
img_09364_2024,0,2.768422e-05,0
img_09365_2024,0,0.63777107,1
img_09366_2024,0,0.0006091499,0
img_09372_2024,0,4.984698e-05,0
img_09367_2024,0,0.0010219992,0
img_09369_2024,0,0.00014544508,0
img_09376_2024,0,0.023897227,0
img_09370_2024,0,0.0005519228,0
img_09373_2024,0,0.00047119503,0
img_09363_2024,0,0.010687368,0
img_09377_2024,0,0.0003653414,0
img_09378_2024,0,6.48016e-05,0
img_09379_2024,0,0.0064980914,0
img_09374_2024,0,0.00036146925,0
img_09380_2024,0,0.0051271697,0
img_09381_2024,0,0.99822193,1
img_09388_2024,0,0.0016779412,0
img_09387_2024,0,0.002101967,0
img_09385_2024,0,0.00016597072,0
img_09390_2024,0,0.000828454,0
img_09386_2024,0,0.9954183,1
img_09384_2024,0,0.00061769766,0
img_09382_2024,0,0.00058296666,0
img_09371_2024,0,8.032388e-05,0
img_09394_2024,0,0.0001444231,0
img_09392_2024,0,0.0011550109,0
img_09391_2024,0,0.00036472478,0
img_09395_2024,0,0.0011419621,0
img_09368_p01_2024,0,0.0002855528,0
img_09368_p02_2024,0,0.0015997848,0
img_09397_2024,0,0.10947601,0
img_09400_2024,0,0.016737694,0
img_09403_2024,0,0.0006818518,0
img_09402_2024,0,0.042579513,0
img_09399_2024,0,2.5356747e-05,0
img_09398_2024,0,0.28824827,1
img_09396_2024,0,0.0010228417,0
img_09404_2024,0,0.021171927,0
img_09401_2024,0,0.42065632,1
img_09405_2024,0,0.00016771925,0
img_09409_2024,0,0.032067746,0
img_09410_2024,0,0.0012990754,0
img_09411_2024,0,0.000103784914,0
img_09408_2024,0,0.0008062864,0
img_09406_2024,0,0.00027487025,0
img_09413_2024,0,7.833705e-05,0
img_09407_2024,0,0.013620766,0
img_09415_2024,0,0.0010194023,0
img_09416_2024,0,0.0925489,0
img_09417_2024,0,0.00036152767,0
img_09412_2024,0,0.0027322348,0
img_09375_p01_2024,0,0.049946237,0
img_09375_p02_2024,0,0.037027653,0
img_09414_2024,0,0.00032597955,0
img_09389_p01_2024,0,0.014584032,0
img_09389_p02_2024,0,0.020905638,0
img_09418_2024,0,0.0007656614,0
img_09419_2024,0,0.0021747737,0
img_09420_2024,0,4.8212216e-05,0
img_09425_2024,0,0.00050226634,0
img_09423_2024,0,0.00083632575,0
img_09424_2024,0,0.0007327058,0
img_09428_2024,0,0.0024480775,0
img_09429_2024,0,0.00024614178,0
img_09426_2024,0,0.00062243483,0
img_09431_2024,0,0.001081022,0
img_09422_2024,0,0.005874112,0
img_09432_2024,0,0.00903793,0
img_09421_2024,0,0.0014989368,0
img_09435_2024,0,0.01825832,0
img_09433_2024,0,0.001348535,0
img_09427_2024,0,0.0007829093,0
img_09437_2024,0,0.00094954995,0
img_09436_2024,0,0.014554094,0
img_09441_2024,0,0.0035675499,0
img_09440_2024,0,0.0041219206,0
img_09438_2024,0,0.00197808,0
img_09439_2024,0,0.058562417,0
img_09442_2024,0,0.004802974,0
img_09446_2024,0,0.000666512,0
img_09444_2024,0,0.8172861,1
img_09443_2024,0,0.0006322526,0
img_09449_2024,0,0.00022661989,0
img_09445_2024,0,0.001737964,0
img_09434_2024,0,0.048876837,0
img_09448_2024,0,0.00096392847,0
img_09447_2024,0,0.004258597,0
img_09451_2024,0,0.0006961115,0
img_09450_2024,0,0.0051296246,0
img_09454_2024,0,3.1617907e-05,0
img_09452_2024,0,6.513547e-05,0
img_09455_2024,0,6.865692e-05,0
img_09393_p01_2024,0,2.5497486e-05,0
img_09393_p02_2024,0,8.251321e-05,0
img_09393_p03_2024,0,0.00022433764,0
img_09393_p04_2024,0,0.0012856519,0
img_09456_2024,0,0.0026194123,0
img_09459_2024,0,9.961398e-05,0
img_09460_2024,0,0.009132336,0
img_09458_2024,0,0.00023615158,0
img_09453_2024,0,0.00036443648,0
img_09463_2024,0,0.0021661392,0
img_09461_2024,0,0.03182952,0
img_09462_2024,0,0.0010856801,0
img_09464_2024,0,0.99039245,1
img_09467_2024,0,0.002419072,0
img_09469_2024,0,0.00040322164,0
img_09466_2024,0,0.014031774,0
img_09465_2024,0,0.005749363,0
img_09468_2024,0,0.16169545,0
img_09474_2024,0,0.00040603935,0
img_09471_2024,0,0.0069125528,0
img_09470_2024,0,0.00032879642,0
img_09472_2024,0,0.0015270102,0
img_09475_2024,0,0.07811425,0
img_09479_2024,0,5.6348836e-05,0
img_09478_2024,0,0.58505595,1
img_09477_2024,0,0.0734532,0
img_09481_2024,0,0.001846532,0
img_09476_2024,0,0.0066948486,0
img_09473_2024,0,0.0009233271,0
img_09484_2024,0,0.00016640079,0
img_09457_p01_2024,0,0.004155841,0
img_09457_p02_2024,0,0.0012735485,0
img_09483_2024,0,0.2854898,1
img_09486_2024,0,0.009418584,0
img_09487_2024,0,0.0011492508,0
img_09489_2024,0,0.0061977,0
img_09480_2024,0,0.003351734,0
img_09495_2024,0,0.0034047347,0
img_09490_2024,0,0.00046760452,0
img_09494_2024,0,0.00011439052,0
img_09496_2024,0,0.016958078,0
img_09492_2024,0,0.9654728,1
img_09497_2024,0,0.011202318,0
img_09499_2024,0,1.10578885e-05,0
img_09498_2024,0,0.00029054814,0
img_09491_2024,0,0.016984578,0
img_09488_2024,0,0.0007406651,0
img_09500_2024,0,0.0049234335,0
img_09501_2024,0,0.00025017676,0
img_09504_2024,0,0.010666541,0
img_09503_2024,0,0.0035295328,0
img_09509_2024,0,0.9992667,1
img_09506_2024,0,0.0013404334,0
img_09513_2024,0,1.1030894e-05,0
img_09502_2024,0,9.900723e-05,0
img_09511_2024,0,3.571918e-05,0
img_09517_2024,0,0.0027118267,0
img_09482_p01_2024,0,0.00020873835,0
img_09482_p02_2024,0,0.00025828503,0
img_09510_2024,0,0.0010464047,0
img_09508_2024,0,0.0020573735,0
img_09519_2024,0,0.00090424204,0
img_09516_2024,0,0.00043807586,0
img_09522_2024,0,4.6223436e-06,0
img_09514_2024,0,0.0015546179,0
img_09520_2024,0,0.010924975,0
img_09507_2024,0,0.002529115,0
img_09515_2024,0,0.33277127,1
img_09521_2024,0,0.00040079042,0
img_09523_2024,0,3.5292378e-05,0
img_09525_2024,0,0.001304016,0
img_09524_2024,0,1.7724786e-05,0
img_09505_p01_2024,0,0.01808151,0
img_09505_p02_2024,0,0.040859494,0
img_09526_2024,0,9.793143e-06,0
img_09527_2024,0,0.00023068064,0
img_09528_2024,0,0.02018497,0
img_09383_p01_2024,0,0.0002527382,0
img_09383_p02_2024,0,3.63426e-05,0
img_09383_p03_2024,0,0.99885726,1
img_09383_p04_2024,0,0.00011650378,0
img_09383_p05_2024,0,6.558482e-06,0
img_09383_p06_2024,0,0.0012787264,0
img_09512_p01_2024,0,0.0003703785,0
img_09512_p02_2024,0,0.0020798142,0
img_09532_2024,0,0.0010448592,0
img_09531_2024,0,0.001648913,0
img_09533_2024,0,0.31713206,1
img_09325_p01_2024,0,0.19581065,1
img_09325_p02_2024,0,0.00032875472,0
img_09325_p03_2024,0,1.8929715e-05,0
img_09325_p04_2024,0,0.00020470493,0
img_09325_p05_2024,0,0.0021847882,0
img_09325_p06_2024,0,0.009283363,0
img_09325_p07_2024,0,0.00869934,0
img_09325_p08_2024,0,0.002776542,0
img_09325_p09_2024,0,0.00023329617,0
img_09529_2024,0,0.00025139452,0
img_09538_2024,0,0.0010518313,0
img_09536_2024,0,4.176093e-05,0
img_09537_2024,0,0.031469893,0
img_09493_p01_2024,0,0.010938132,0
img_09493_p02_2024,0,0.027544994,0
img_09493_p03_2024,0,0.0009779913,0
img_09493_p04_2024,0,9.447766e-05,0
img_09541_2024,0,0.0045794756,0
img_09542_2024,0,0.0012388533,0
img_09539_2024,0,0.028470997,0
img_09430_p01_2024,0,0.8335259,1
img_09430_p02_2024,0,2.748786e-05,0
img_09430_p03_2024,0,0.0004955709,0
img_09430_p04_2024,0,0.99986076,1
img_09430_p05_2024,0,0.00022325346,0
img_09430_p06_2024,0,0.0175927,0
img_09535_2024,0,1.1915166e-05,0
img_09540_2024,0,0.0024436007,0
img_09543_2024,0,0.00075197325,0
img_09544_2024,0,0.051364094,0
img_09534_2024,0,0.045462277,0
img_09548_2024,0,0.29880038,1
img_09546_2024,0,0.46392545,1
img_09552_2024,0,0.0018274941,0
img_09553_2024,0,3.1183827e-05,0
img_09551_2024,0,0.0007685064,0
img_09547_2024,0,0.094331674,0
img_09556_2024,0,0.028664961,0
img_09550_2024,0,0.9745711,1
img_09557_2024,0,0.27127707,1
img_09545_2024,0,0.0014555508,0
img_09554_2024,0,3.2579064e-05,0
img_09558_2024,0,0.0005610171,0
img_09559_2024,0,0.002198418,0
img_09560_2024,0,0.024989752,0
img_09555_2024,0,0.00011026512,0
img_09561_2024,0,0.00038266985,0
img_09562_2024,0,0.0008053389,0
img_09565_2024,0,0.0004270556,0
img_09485_p01_2024,0,0.0088278195,0
img_09485_p02_2024,0,0.00025016314,0
img_09485_p03_2024,0,0.00040232335,0
img_09485_p04_2024,0,0.00013979609,0
img_09485_p05_2024,0,0.46962768,1
img_09485_p06_2024,0,0.0006380733,0
img_09563_2024,0,0.1301436,0
img_09564_2024,0,0.0037895509,0
img_09568_2024,0,0.887976,1
img_09566_2024,0,0.0007440864,0
img_09572_2024,0,0.03371017,0
img_09569_2024,0,0.010338686,0
img_09575_2024,0,0.000207872,0
img_09574_2024,0,0.0003618247,0
img_09573_2024,0,0.0018499997,0
img_09571_2024,0,1.8589293e-05,0
img_09567_2024,0,0.0008384758,0
img_09576_2024,0,0.00045587332,0
img_09570_2024,0,0.000319857,0
img_09577_2024,0,0.0130545,0
img_09580_2024,0,1.1688197e-05,0
img_09579_2024,0,0.000582612,0
img_09578_2024,0,0.3275119,1
img_09583_2024,0,0.23016968,1
img_09581_2024,0,0.0001577559,0
img_09585_2024,0,1.5579501e-06,0
img_09582_2024,0,0.00033268958,0
img_09530_p01_2024,0,0.00046054597,0
img_09530_p02_2024,0,0.00010260975,0
img_09530_p03_2024,0,0.8183503,1
img_09530_p04_2024,0,0.14175121,0
img_09586_2024,0,0.00033403235,0
img_09590_2024,0,0.004983038,0
img_09584_2024,0,0.0010922779,0
img_09587_2024,0,0.0015156594,0
img_09589_2024,0,2.5597863e-05,0
img_09588_2024,0,3.492556e-05,0
img_09592_2024,0,0.30131537,1
img_09591_2024,0,0.0017258862,0
img_09594_2024,0,8.349962e-05,0
img_09593_2024,0,7.080396e-05,0
img_09595_2024,0,0.00058857066,0
img_09549_p01_2024,0,0.71618384,1
img_09549_p02_2024,0,0.04345777,0
img_09549_p03_2024,0,0.040538363,0
img_09602_2024,0,5.4361626e-06,0
img_09598_2024,0,0.00019253623,0
img_09596_2024,0,0.0023020173,0
img_09604_2024,0,3.344619e-05,0
img_09601_2024,0,6.184739e-05,0
img_09605_2024,0,0.00024095581,0
img_09597_2024,0,0.00021983679,0
img_09603_2024,0,0.00011892715,0
img_09608_2024,0,5.214593e-06,0
img_09600_2024,0,0.0022248165,0
img_09599_2024,0,0.88256377,1
img_09609_2024,0,0.017802471,0
img_09607_2024,0,3.7289017e-05,0
img_09610_2024,0,0.0016941635,0
img_09606_2024,0,0.1181578,0
img_09612_2024,0,0.00026744202,0
img_09615_2024,0,0.1665896,0
img_09611_2024,0,0.001206542,0
img_09613_2024,0,0.0049713324,0
img_09618_2024,0,3.0676217e-06,0
img_09621_2024,0,0.0031005857,0
img_09614_2024,0,0.0035261062,0
img_09620_2024,0,3.4933026e-05,0
img_09617_2024,0,0.019199012,0
img_09623_2024,0,2.5626773e-06,0
img_09616_2024,0,0.026491458,0
img_09622_2024,0,0.028175866,0
img_09624_2024,0,0.000114475304,0
img_09626_2024,0,0.012126526,0
img_09619_2024,0,0.837052,1
img_09631_2024,0,9.7712706e-05,0
img_09632_2024,0,0.00035011215,0
img_09633_2024,0,0.002004987,0
img_09634_2024,0,0.0002772966,0
img_09630_2024,0,0.00021682068,0
img_09640_2024,0,7.6908414e-05,0
img_09629_2024,0,0.008197903,0
img_09625_2024,0,5.8847105e-05,0
img_09636_2024,0,0.12742019,0
img_09627_2024,0,0.0038784,0
img_09628_2024,0,0.0016593491,0
img_09635_2024,0,0.0018969661,0
img_09642_2024,0,0.0022861005,0
img_09637_2024,0,4.6077403e-05,0
img_09639_2024,0,0.0023073624,0
img_09648_2024,0,0.9029819,1
img_09638_2024,0,0.49894652,1
img_09646_2024,0,0.0004701826,0
img_09647_2024,0,0.8518705,1
img_09649_2024,0,0.015916606,0
img_09644_2024,0,0.00016479213,0
img_09645_2024,0,0.17209494,0
img_09651_2024,0,3.4921068e-05,0
img_09653_2024,0,0.012519133,0
img_09654_2024,0,0.4158725,1
img_09657_2024,0,0.13971512,0
img_09643_2024,0,0.052036967,0
img_09641_2024,0,0.00943534,0
img_09656_2024,0,0.20885763,1
img_09660_2024,0,0.010164091,0
img_09663_2024,0,0.027067455,0
img_09658_2024,0,5.122916e-05,0
img_09661_2024,0,0.013343265,0
img_09662_2024,0,1.7176178e-06,0
img_09650_2024,0,2.066187e-05,0
img_09652_2024,0,4.210708e-05,0
img_09659_2024,0,0.005199922,0
img_09193_p01_2024,0,0.00024960088,0
img_09193_p02_2024,0,0.00029576587,0
img_09193_p03_2024,0,0.0038116358,0
img_09193_p04_2024,0,0.0005065966,0
img_09193_p05_2024,0,1.9388777e-05,0
img_09193_p06_2024,0,2.383631e-05,0
img_09193_p07_2024,0,0.00089017925,0
img_09193_p08_2024,0,0.00010816966,0
img_09193_p09_2024,0,0.0043944223,0
img_09193_p10_2024,0,0.00026483685,0
img_09193_p11_2024,0,0.0024519607,0
img_09193_p12_2024,0,0.00046096256,0
img_09193_p13_2024,0,0.0070538493,0
img_09193_p14_2024,0,0.0007997158,0
img_09193_p15_2024,0,7.069716e-05,0
img_09193_p16_2024,0,3.7756013e-06,0
img_09193_p17_2024,0,0.00031056284,0
img_09193_p18_2024,0,1.2867809e-05,0
img_09193_p19_2024,0,1.8331753e-05,0
img_09667_2024,0,0.0002182997,0
img_09666_2024,0,0.0158114,0
img_09664_2024,0,0.021071702,0
img_09655_2024,0,0.01495113,0
img_09669_2024,0,0.41229862,1
img_09670_2024,0,0.63980985,1
img_09665_2024,0,0.010516168,0
img_09672_2024,0,0.0071027614,0
img_09671_2024,0,0.6590576,1
img_09668_2024,0,0.00034209396,0
img_09676_2024,0,0.0023828493,0
img_09674_2024,0,0.028551491,0
img_09675_2024,0,0.9802904,1
img_09678_2024,0,0.0009450439,0
img_09673_2024,0,0.29998395,1
img_09681_2024,0,0.0014620759,0
img_09680_2024,0,0.01804284,0
img_09682_2024,0,0.004450794,0
img_09683_2024,0,3.029825e-06,0
img_09679_2024,0,0.60803837,1
img_09688_2024,0,0.06375351,0
img_09677_2024,0,0.007019911,0
img_09686_2024,0,4.1790532e-05,0
img_09685_2024,0,0.021732636,0
img_09689_2024,0,0.27297524,1
img_09687_2024,0,0.39453444,1
img_09691_2024,0,6.842985e-05,0
img_09684_2024,0,0.104310386,0
img_09695_2024,0,0.008156086,0
img_09690_2024,0,6.161158e-05,0
img_09693_2024,0,0.7270731,1
img_09696_2024,0,0.00020276585,0
img_09692_2024,0,0.64312416,1
img_09694_2024,0,4.624601e-05,0
img_09698_2024,0,0.00036136276,0
img_09697_2024,0,0.12541682,0
img_09700_2024,0,2.5392099e-05,0
img_09706_2024,0,3.2252437e-06,0
img_09704_2024,0,0.008242344,0
img_09707_2024,0,1.020469e-05,0
img_09701_2024,0,0.06723886,0
img_09705_2024,0,0.0035014015,0
img_09703_2024,0,0.00049572706,0
img_09709_2024,0,0.0010501506,0
img_09699_2024,0,0.024148423,0
img_09711_2024,0,2.9582161e-05,0
img_09710_2024,0,0.048831575,0
img_09702_2024,0,0.01833907,0
img_09712_2024,0,0.000800291,0
img_09708_2024,0,1.4161228e-05,0
img_09722_2024,0,0.00034590205,0
img_09721_2024,0,0.0017867985,0
img_09713_2024,0,8.646278e-05,0
img_09727_2024,0,0.0009543324,0
img_09714_2024,0,0.001593721,0
img_09718_2024,0,0.0011504298,0
img_09725_2024,0,0.16133256,0
img_09716_2024,0,0.049541514,0
img_09726_2024,0,0.039489806,0
img_09720_2024,0,0.0017831476,0
img_09728_2024,0,0.15954569,0
img_09723_2024,0,0.0018755373,0
img_09729_2024,0,0.00049764756,0
img_09724_2024,0,0.0001630357,0
img_09719_2024,0,0.0039899335,0
img_09732_2024,0,0.034255765,0
img_09733_2024,0,0.0009868202,0
img_09730_2024,0,0.05762578,0
img_09736_2024,0,0.0032389313,0
img_09738_2024,0,0.009508711,0
img_09734_2024,0,0.35151955,1
img_09739_2024,0,0.006426124,0
img_09715_2024,0,0.6105452,1
img_09731_2024,0,0.026797794,0
img_09735_2024,0,0.0011410274,0
img_09740_2024,0,0.00015520776,0
img_09717_2024,0,0.008300594,0
img_09743_2024,0,0.0022157698,0
img_09737_2024,0,0.14761434,0
img_09745_2024,0,0.0018737564,0
img_09742_2024,0,0.0010938523,0
img_09744_2024,0,5.5235567e-05,0
img_09754_2024,0,0.03537333,0
img_09741_2024,0,4.2909698e-05,0
img_09748_2024,0,0.00016739509,0
img_09759_2024,0,6.5877895e-05,0
img_09747_2024,0,0.028572999,0
img_09751_2024,0,0.12540759,0
img_09757_2024,0,9.423509e-05,0
img_09753_2024,0,0.66606504,1
img_09746_2024,0,0.00055461866,0
img_09756_2024,0,0.0005212891,0
img_09749_2024,0,7.4339136e-05,0
img_09763_2024,0,8.324434e-05,0
img_09755_2024,0,0.28446212,1
img_09750_2024,0,0.0016728115,0
img_09764_2024,0,5.1539388e-05,0
img_09758_2024,0,0.00048818116,0
img_09752_2024,0,0.002764731,0
img_09765_2024,0,0.0040547824,0
img_09761_2024,0,0.03698331,0
img_09766_2024,0,0.013441774,0
img_09767_2024,0,0.01983805,0
img_09768_2024,0,1.9416884e-05,0
img_09762_2024,0,0.00016664578,0
img_09769_2024,0,0.015962597,0
img_09760_2024,0,3.9722632e-05,0
img_09771_2024,0,2.583043e-05,0
img_09770_2024,0,4.4885554e-05,0
img_09518_p01_2024,0,0.00045951674,0
img_09518_p02_2024,0,5.527635e-05,0
img_09518_p03_2024,0,0.027084686,0
img_09518_p04_2024,0,0.769788,1
img_09518_p05_2024,0,6.884542e-05,0
img_09518_p06_2024,0,0.00010307204,0
img_09518_p07_2024,0,0.00012821036,0
img_09518_p08_2024,0,0.0006386504,0
img_09518_p09_2024,0,0.00010683131,0
img_09518_p10_2024,0,0.00017923549,0
img_09518_p11_2024,0,0.0025234027,0
img_09773_2024,0,0.012064442,0
img_09775_2024,0,0.03594292,0
img_09772_2024,0,0.0068944483,0
img_09774_2024,0,0.11338255,0
img_09779_2024,0,0.00018329438,0
img_09783_2024,0,0.04562704,0
img_09777_2024,0,0.71378046,1
img_09785_2024,0,0.029821087,0
img_09782_2024,0,0.40802345,1
img_09780_2024,0,9.081479e-06,0
img_09776_2024,0,0.0007060233,0
img_09784_2024,0,0.0107492395,0
img_09778_2024,0,0.24290475,1
img_09790_2024,0,0.000295745,0
img_09786_2024,0,0.00023951623,0
img_09793_2024,0,0.0063986834,0
img_09792_2024,0,3.3683602e-05,0
img_09794_2024,0,0.70703053,1
img_09781_2024,0,0.00016376642,0
img_09788_2024,0,0.002960058,0
img_09797_2024,0,0.466591,1
img_09789_2024,0,0.00032916712,0
img_09787_2024,0,0.010654743,0
img_09804_2024,0,0.0027011042,0
img_09807_2024,0,0.005846423,0
img_09806_2024,0,0.0062768855,0
img_09799_2024,0,0.00041331197,0
img_09796_2024,0,0.0006052024,0
img_09801_2024,0,0.002110224,0
img_09812_2024,0,3.3125434e-05,0
img_09795_2024,0,0.0015602509,0
img_09803_2024,0,8.326935e-05,0
img_09813_2024,0,0.011640227,0
img_09814_2024,0,7.3868854e-05,0
img_09798_2024,0,0.010986663,0
img_09811_2024,0,0.31217128,1
img_09805_2024,0,0.00011861932,0
img_09819_2024,0,0.0027323347,0
img_09800_2024,0,0.0017383503,0
img_09808_2024,0,0.0062065343,0
img_09818_2024,0,0.0012628217,0
img_09816_2024,0,0.0015397209,0
img_09809_2024,0,4.908498e-05,0
img_09820_2024,0,0.00800215,0
img_09810_2024,0,0.00042451883,0
img_09802_2024,0,0.010407798,0
img_09822_2024,0,0.00010368461,0
img_09815_2024,0,0.021793785,0
img_09823_2024,0,0.0018386014,0
img_09817_2024,0,0.0026187832,0
img_09824_2024,0,0.00049539737,0
img_09825_2024,0,0.003751154,0
img_09828_2024,0,0.10079444,0
img_09821_2024,0,0.00021856671,0
img_09829_2024,0,4.4299663e-06,0
img_09833_2024,0,0.23708034,1
img_09831_2024,0,0.45372012,1
img_09835_2024,0,0.03787635,0
img_09830_2024,0,0.68313396,1
img_09836_2024,0,0.008601,0
img_09826_2024,0,0.0025916535,0
img_09834_2024,0,4.2423842e-05,0
img_09827_2024,0,0.052184764,0
img_09839_2024,0,0.119316995,0
img_09842_2024,0,0.002799835,0
img_09838_2024,0,0.01341355,0
img_09841_2024,0,0.0010062802,0
img_09847_2024,0,0.00458183,0
img_09844_2024,0,0.012393551,0
img_09850_2024,0,0.009656403,0
img_09837_2024,0,0.000103586084,0
img_09840_2024,0,0.00021893169,0
img_09832_2024,0,0.7510368,1
img_09843_2024,0,0.021786256,0
img_09848_2024,0,0.031062571,0
img_09851_2024,0,0.0004130512,0
img_09852_2024,0,0.007454534,0
img_09849_2024,0,0.00020073354,0
img_09845_2024,0,0.007979916,0
img_09854_2024,0,4.725933e-05,0
img_09853_2024,0,0.00026899247,0
img_09855_2024,0,0.0007759199,0
img_09856_2024,0,0.004295721,0
img_09846_2024,0,0.0005158559,0
img_09857_2024,0,6.340648e-05,0
img_09858_2024,0,0.00059665396,0
img_09859_2024,0,0.00016264209,0
img_09863_2024,0,0.10332147,0
img_09865_2024,0,0.00074298884,0
img_09862_2024,0,9.623493e-05,0
img_09867_2024,0,0.17915191,0
img_09864_2024,0,0.00033909176,0
img_09869_2024,0,0.021657486,0
img_09868_2024,0,0.0006071806,0
img_09870_2024,0,0.6764734,1
img_09860_2024,0,0.9854652,1
img_09866_2024,0,0.049160823,0
img_09872_2024,0,4.7224643e-05,0
img_09878_2024,0,0.09169733,0
img_09876_2024,0,8.239733e-06,0
img_09883_2024,0,0.32009402,1
img_09880_2024,0,0.015496081,0
img_09881_2024,0,0.010220871,0
img_09861_2024,0,0.002802311,0
img_09871_2024,0,0.00029433827,0
img_09877_2024,0,0.74121916,1
img_09874_2024,0,0.00024536598,0
img_09891_2024,0,0.034610786,0
img_09892_2024,0,0.011248092,0
img_09895_2024,0,0.0053738044,0
img_09894_2024,0,0.14422692,0
img_09893_2024,0,8.211e-06,0
img_09886_2024,0,0.00018815786,0
img_09896_2024,0,0.00015004257,0
img_09889_2024,0,9.429289e-05,0
img_09875_2024,0,0.56883764,1
img_09898_2024,0,0.0019270749,0
img_09900_2024,0,0.00022450669,0
img_09884_2024,0,0.14463955,0
img_09885_2024,0,0.00046428497,0
img_09890_2024,0,0.0067092506,0
img_09882_2024,0,0.0042413073,0
img_09873_2024,0,0.00030160416,0
img_09903_2024,0,8.102077e-05,0
img_09897_2024,0,0.0023912578,0
img_09888_2024,0,0.00024501202,0
img_09887_2024,0,0.0076747155,0
img_09907_2024,0,6.329599e-06,0
img_09901_2024,0,0.0010828777,0
img_09908_2024,0,1.5994783e-05,0
img_09899_2024,0,0.0018367795,0
img_09911_2024,0,0.040117975,0
img_09913_2024,0,0.0103271045,0
img_09902_2024,0,0.0015160239,0
img_09906_2024,0,0.00040469307,0
img_09904_2024,0,0.073440224,0
img_09909_2024,0,0.004187285,0
img_09915_2024,0,0.15843305,0
img_09918_2024,0,0.008333954,0
img_09917_2024,0,0.003870746,0
img_09912_2024,0,0.0043712365,0
img_09879_p01_2024,0,0.075688556,0
img_09879_p02_2024,0,0.011478591,0
img_09905_2024,0,0.0012180483,0
img_09924_2024,0,0.091017224,0
img_09916_2024,0,5.000524e-05,0
img_09923_2024,0,0.0380603,0
img_09926_2024,0,6.6734596e-05,0
img_09919_2024,0,0.00026100362,0
img_09925_2024,0,0.00037474057,0
img_09928_2024,0,0.021839453,0
img_09922_2024,0,0.047274567,0
img_09914_2024,0,0.000170981,0
img_09927_2024,0,0.0062426818,0
img_09920_2024,0,0.03198742,0
img_09930_2024,0,0.007422345,0
img_09910_2024,0,0.0027347095,0
img_09937_2024,0,0.0029895455,0
img_09932_2024,0,0.0017671132,0
img_09938_2024,0,0.016707217,0
img_09921_2024,0,0.0023512826,0
img_09936_2024,0,0.014938522,0
img_09934_2024,0,0.0340875,0
img_09931_2024,0,0.0013952957,0
img_09940_2024,0,0.007916368,0
img_09944_2024,0,0.0023818747,0
img_09948_2024,0,0.0005781061,0
img_09941_2024,0,1.2214497e-05,0
img_09935_2024,0,4.330516e-05,0
img_09939_2024,0,0.0011637942,0
img_09946_2024,0,0.04265276,0
img_09947_2024,0,0.00062138453,0
img_09950_2024,0,6.849854e-06,0
img_09956_2024,0,0.00063166866,0
img_09945_2024,0,0.008222834,0
img_09951_2024,0,0.022615347,0
img_09954_2024,0,0.0014287913,0
img_09952_2024,0,0.016810298,0
img_09949_2024,0,2.4333587e-05,0
img_09929_2024,0,0.00992841,0
img_09943_2024,0,0.0018465364,0
img_09953_2024,0,0.063401535,0
img_09961_2024,0,0.026374893,0
img_09963_2024,0,0.15598068,0
img_09958_2024,0,0.0013469844,0
img_09933_2024,0,0.0005818656,0
img_09962_2024,0,0.010973055,0
img_09955_2024,0,3.1417996e-05,0
img_09964_2024,0,3.74676e-05,0
img_09965_2024,0,0.02284045,0
img_09960_2024,0,0.0013572973,0
img_09973_2024,0,0.34271532,1
img_09957_2024,0,0.0010345047,0
img_09967_2024,0,0.00038795665,0
img_09970_2024,0,0.0001819468,0
img_09968_2024,0,0.0077711036,0
img_09969_2024,0,0.11315476,0
img_09959_2024,0,3.0692594e-05,0
img_09974_2024,0,0.97721976,1
img_09977_2024,0,0.11027643,0
img_09975_2024,0,0.000108341126,0
img_09976_2024,0,0.050030664,0
img_09972_2024,0,0.4631582,1
img_09966_2024,0,6.602658e-05,0
img_09971_2024,0,0.004259076,0
img_09982_2024,0,0.01931102,0
img_09984_2024,0,0.0019832237,0
img_09980_2024,0,0.0026494875,0
img_09981_2024,0,0.035091907,0
img_09985_2024,0,0.00044911334,0
img_09979_2024,0,0.00018066476,0
img_09990_2024,0,1.9137438e-05,0
img_09991_2024,0,0.01196497,0
img_09986_2024,0,0.0006395226,0
img_09978_2024,0,0.04368067,0
img_09994_2024,0,0.16632886,0
img_09987_2024,0,2.4052966e-05,0
img_09988_2024,0,0.00018015267,0
img_09983_2024,0,0.16899033,0
img_10001_2024,0,2.4132487e-05,0
img_09989_2024,0,8.444073e-06,0
img_09992_2024,0,0.078056954,0
img_09999_2024,0,0.01179625,0
img_09997_2024,0,0.0027231548,0
img_09993_2024,0,0.0005935186,0
img_10010_2024,0,6.467486e-05,0
img_09995_2024,0,0.00015589775,0
img_09998_2024,0,0.02340328,0
img_09996_2024,0,1.0384845e-06,0
img_10011_2024,0,1.2493091e-05,0
img_10005_2024,0,0.000143164,0
img_10004_2024,0,0.00020478497,0
img_10003_2024,0,0.0007753138,0
img_10002_2024,0,0.00027125236,0
img_10015_2024,0,0.0029195384,0
img_10008_2024,0,0.0012829517,0
img_10000_2024,0,0.012229691,0
img_10016_2024,0,5.3081305e-07,0
img_10012_2024,0,3.2994376e-05,0
img_10019_2024,0,0.0011573491,0
img_10009_2024,0,0.102314875,0
img_10013_2024,0,0.003857604,0
img_10007_2024,0,6.164161e-05,0
img_10020_2024,0,0.21270022,1
img_10018_2024,0,0.04302052,0
img_10006_2024,0,0.0018949584,0
img_10021_2024,0,0.00042798585,0
img_10017_2024,0,0.34366596,1
img_10014_p01_2024,0,0.1813343,0
img_10014_p02_2024,0,0.020691628,0
img_10014_p03_2024,0,0.84024954,1
img_10014_p04_2024,0,0.0100702215,0
